AP-11161	737	1	5037	0.000198531
AP-11161	1000	1	5037	0.000198531
AP-11161	1094	1	5037	0.000198531
AP-11161	1099	1	5037	0.000198531
AP-11161	1132	1	5037	0.000198531
AP-11161	1141	1	5037	0.000198531
AP-11161	1146	1	5037	0.000198531
AP-11161	1150	1	5037	0.000198531
AP-11161	1152	1	5037	0.000198531
AP-11161	1156	1	5037	0.000198531
AP-11161	1157	1	5037	0.000198531
AP-11161	1160	1	5037	0.000198531
AP-11161	1170	1	5037	0.000198531
AP-11161	1172	1	5037	0.000198531
AP-11161	1173	1	5037	0.000198531
AP-11161	1174	1	5037	0.000198531
AP-11161	1177	2	5037	0.000397062
AP-11161	1178	1	5037	0.000198531
AP-11161	1188	1	5037	0.000198531
AP-11161	1189	1	5037	0.000198531
AP-11161	1190	1	5037	0.000198531
AP-11161	1195	2	5037	0.000397062
AP-11161	1197	1	5037	0.000198531
AP-11161	1200	2	5037	0.000397062
AP-11161	1201	1	5037	0.000198531
AP-11161	1204	1	5037	0.000198531
AP-11161	1206	1	5037	0.000198531
AP-11161	1208	1	5037	0.000198531
AP-11161	1210	1	5037	0.000198531
AP-11161	1212	1	5037	0.000198531
AP-11161	1213	1	5037	0.000198531
AP-11161	1214	1	5037	0.000198531
AP-11161	1215	2	5037	0.000397062
AP-11161	1217	1	5037	0.000198531
AP-11161	1218	1	5037	0.000198531
AP-11161	1221	1	5037	0.000198531
AP-11161	1222	2	5037	0.000397062
AP-11161	1225	1	5037	0.000198531
AP-11161	1226	1	5037	0.000198531
AP-11161	1231	1	5037	0.000198531
AP-11161	1232	1	5037	0.000198531
AP-11161	1233	1	5037	0.000198531
AP-11161	1236	3	5037	0.000595593
AP-11161	1239	1	5037	0.000198531
AP-11161	1240	2	5037	0.000397062
AP-11161	1241	1	5037	0.000198531
AP-11161	1247	1	5037	0.000198531
AP-11161	1257	1	5037	0.000198531
AP-11161	1262	1	5037	0.000198531
AP-11161	1265	1	5037	0.000198531
AP-11161	1266	1	5037	0.000198531
AP-11161	1267	1	5037	0.000198531
AP-11161	1268	2	5037	0.000397062
AP-11161	1269	2	5037	0.000397062
AP-11161	1270	1	5037	0.000198531
AP-11161	1271	3	5037	0.000595593
AP-11161	1272	2	5037	0.000397062
AP-11161	1283	1	5037	0.000198531
AP-11161	1284	1	5037	0.000198531
AP-11161	1288	1	5037	0.000198531
AP-11161	1290	1	5037	0.000198531
AP-11161	1293	1	5037	0.000198531
AP-11161	1294	1	5037	0.000198531
AP-11161	1297	1	5037	0.000198531
AP-11161	1299	1	5037	0.000198531
AP-11161	1304	1	5037	0.000198531
AP-11161	1306	1	5037	0.000198531
AP-11161	1311	1	5037	0.000198531
AP-11161	1312	1	5037	0.000198531
AP-11161	1327	1	5037	0.000198531
AP-11161	1331	1	5037	0.000198531
AP-11161	1334	1	5037	0.000198531
AP-11161	1335	1	5037	0.000198531
AP-11161	1340	2	5037	0.000397062
AP-11161	1341	1	5037	0.000198531
AP-11161	1347	1	5037	0.000198531
AP-11161	1348	1	5037	0.000198531
AP-11161	1349	2	5037	0.000397062
AP-11161	1352	1	5037	0.000198531
AP-11161	1354	1	5037	0.000198531
AP-11161	1355	1	5037	0.000198531
AP-11161	1363	1	5037	0.000198531
AP-11161	1364	1	5037	0.000198531
AP-11161	1366	1	5037	0.000198531
AP-11161	1367	1	5037	0.000198531
AP-11161	1374	1	5037	0.000198531
AP-11161	1375	1	5037	0.000198531
AP-11161	1376	1	5037	0.000198531
AP-11161	1377	1	5037	0.000198531
AP-11161	1382	1	5037	0.000198531
AP-11161	1384	2	5037	0.000397062
AP-11161	1388	1	5037	0.000198531
AP-11161	1389	1	5037	0.000198531
AP-11161	1391	1	5037	0.000198531
AP-11161	1392	1	5037	0.000198531
AP-11161	1395	1	5037	0.000198531
AP-11161	1396	2	5037	0.000397062
AP-11161	1400	1	5037	0.000198531
AP-11161	1401	1	5037	0.000198531
AP-11161	1408	2	5037	0.000397062
AP-11161	1409	1	5037	0.000198531
AP-11161	1410	1	5037	0.000198531
AP-11161	1412	1	5037	0.000198531
AP-11161	1413	2	5037	0.000397062
AP-11161	1418	1	5037	0.000198531
AP-11161	1421	1	5037	0.000198531
AP-11161	1422	1	5037	0.000198531
AP-11161	1423	1	5037	0.000198531
AP-11161	1426	1	5037	0.000198531
AP-11161	1430	2	5037	0.000397062
AP-11161	1433	1	5037	0.000198531
AP-11161	1435	1	5037	0.000198531
AP-11161	1437	1	5037	0.000198531
AP-11161	1438	1	5037	0.000198531
AP-11161	1439	1	5037	0.000198531
AP-11161	1441	1	5037	0.000198531
AP-11161	1442	2	5037	0.000397062
AP-11161	1444	1	5037	0.000198531
AP-11161	1445	1	5037	0.000198531
AP-11161	1446	1	5037	0.000198531
AP-11161	1447	1	5037	0.000198531
AP-11161	1449	1	5037	0.000198531
AP-11161	1450	4	5037	0.000794124
AP-11161	1452	1	5037	0.000198531
AP-11161	1453	1	5037	0.000198531
AP-11161	1454	1	5037	0.000198531
AP-11161	1455	3	5037	0.000595593
AP-11161	1456	1	5037	0.000198531
AP-11161	1457	1	5037	0.000198531
AP-11161	1458	2	5037	0.000397062
AP-11161	1460	1	5037	0.000198531
AP-11161	1461	1	5037	0.000198531
AP-11161	1462	3	5037	0.000595593
AP-11161	1463	2	5037	0.000397062
AP-11161	1464	1	5037	0.000198531
AP-11161	1465	3	5037	0.000595593
AP-11161	1466	1	5037	0.000198531
AP-11161	1467	1	5037	0.000198531
AP-11161	1468	1	5037	0.000198531
AP-11161	1469	1	5037	0.000198531
AP-11161	1472	1	5037	0.000198531
AP-11161	1474	1	5037	0.000198531
AP-11161	1475	5	5037	0.000992654
AP-11161	1477	1	5037	0.000198531
AP-11161	1478	1	5037	0.000198531
AP-11161	1479	2	5037	0.000397062
AP-11161	1480	3	5037	0.000595593
AP-11161	1481	3	5037	0.000595593
AP-11161	1482	3	5037	0.000595593
AP-11161	1483	2	5037	0.000397062
AP-11161	1485	1	5037	0.000198531
AP-11161	1486	2	5037	0.000397062
AP-11161	1487	2	5037	0.000397062
AP-11161	1488	2	5037	0.000397062
AP-11161	1489	2	5037	0.000397062
AP-11161	1490	1	5037	0.000198531
AP-11161	1492	3	5037	0.000595593
AP-11161	1493	2	5037	0.000397062
AP-11161	1494	1	5037	0.000198531
AP-11161	1495	2	5037	0.000397062
AP-11161	1496	1	5037	0.000198531
AP-11161	1497	1	5037	0.000198531
AP-11161	1498	3	5037	0.000595593
AP-11161	1500	3	5037	0.000595593
AP-11161	1502	4	5037	0.000794124
AP-11161	1503	1	5037	0.000198531
AP-11161	1504	1	5037	0.000198531
AP-11161	1505	1	5037	0.000198531
AP-11161	1506	1	5037	0.000198531
AP-11161	1507	1	5037	0.000198531
AP-11161	1508	1	5037	0.000198531
AP-11161	1510	4	5037	0.000794124
AP-11161	1512	2	5037	0.000397062
AP-11161	1513	1	5037	0.000198531
AP-11161	1514	6	5037	0.00119119
AP-11161	1516	2	5037	0.000397062
AP-11161	1517	6	5037	0.00119119
AP-11161	1519	4	5037	0.000794124
AP-11161	1521	1	5037	0.000198531
AP-11161	1522	3	5037	0.000595593
AP-11161	1523	3	5037	0.000595593
AP-11161	1524	5	5037	0.000992654
AP-11161	1525	4	5037	0.000794124
AP-11161	1526	4	5037	0.000794124
AP-11161	1527	1	5037	0.000198531
AP-11161	1528	1	5037	0.000198531
AP-11161	1529	1	5037	0.000198531
AP-11161	1530	5	5037	0.000992654
AP-11161	1531	4	5037	0.000794124
AP-11161	1532	1	5037	0.000198531
AP-11161	1535	2	5037	0.000397062
AP-11161	1536	2	5037	0.000397062
AP-11161	1538	2	5037	0.000397062
AP-11161	1539	4	5037	0.000794124
AP-11161	1540	1	5037	0.000198531
AP-11161	1542	2	5037	0.000397062
AP-11161	1543	2	5037	0.000397062
AP-11161	1544	4	5037	0.000794124
AP-11161	1545	3	5037	0.000595593
AP-11161	1546	1	5037	0.000198531
AP-11161	1547	1	5037	0.000198531
AP-11161	1548	2	5037	0.000397062
AP-11161	1549	1	5037	0.000198531
AP-11161	1551	2	5037	0.000397062
AP-11161	1552	2	5037	0.000397062
AP-11161	1553	1	5037	0.000198531
AP-11161	1554	5	5037	0.000992654
AP-11161	1555	4	5037	0.000794124
AP-11161	1556	4	5037	0.000794124
AP-11161	1557	2	5037	0.000397062
AP-11161	1558	4	5037	0.000794124
AP-11161	1559	5	5037	0.000992654
AP-11161	1560	7	5037	0.00138972
AP-11161	1561	1	5037	0.000198531
AP-11161	1562	3	5037	0.000595593
AP-11161	1563	8	5037	0.00158825
AP-11161	1564	3	5037	0.000595593
AP-11161	1565	2	5037	0.000397062
AP-11161	1566	6	5037	0.00119119
AP-11161	1567	1	5037	0.000198531
AP-11161	1568	3	5037	0.000595593
AP-11161	1570	4	5037	0.000794124
AP-11161	1571	3	5037	0.000595593
AP-11161	1572	1	5037	0.000198531
AP-11161	1573	2	5037	0.000397062
AP-11161	1574	1	5037	0.000198531
AP-11161	1576	1	5037	0.000198531
AP-11161	1577	2	5037	0.000397062
AP-11161	1578	3	5037	0.000595593
AP-11161	1581	3	5037	0.000595593
AP-11161	1582	3	5037	0.000595593
AP-11161	1583	2	5037	0.000397062
AP-11161	1586	5	5037	0.000992654
AP-11161	1587	3	5037	0.000595593
AP-11161	1588	2	5037	0.000397062
AP-11161	1589	1	5037	0.000198531
AP-11161	1590	4	5037	0.000794124
AP-11161	1591	3	5037	0.000595593
AP-11161	1594	2	5037	0.000397062
AP-11161	1595	2	5037	0.000397062
AP-11161	1596	1	5037	0.000198531
AP-11161	1597	4	5037	0.000794124
AP-11161	1598	2	5037	0.000397062
AP-11161	1599	3	5037	0.000595593
AP-11161	1600	4	5037	0.000794124
AP-11161	1601	1	5037	0.000198531
AP-11161	1602	1	5037	0.000198531
AP-11161	1603	1	5037	0.000198531
AP-11161	1604	1	5037	0.000198531
AP-11161	1605	1	5037	0.000198531
AP-11161	1606	2	5037	0.000397062
AP-11161	1607	3	5037	0.000595593
AP-11161	1608	3	5037	0.000595593
AP-11161	1609	1	5037	0.000198531
AP-11161	1610	3	5037	0.000595593
AP-11161	1611	2	5037	0.000397062
AP-11161	1612	2	5037	0.000397062
AP-11161	1613	2	5037	0.000397062
AP-11161	1614	3	5037	0.000595593
AP-11161	1615	1	5037	0.000198531
AP-11161	1616	2	5037	0.000397062
AP-11161	1617	2	5037	0.000397062
AP-11161	1618	4	5037	0.000794124
AP-11161	1620	2	5037	0.000397062
AP-11161	1623	1	5037	0.000198531
AP-11161	1626	5	5037	0.000992654
AP-11161	1627	3	5037	0.000595593
AP-11161	1629	2	5037	0.000397062
AP-11161	1630	1	5037	0.000198531
AP-11161	1632	2	5037	0.000397062
AP-11161	1633	2	5037	0.000397062
AP-11161	1634	1	5037	0.000198531
AP-11161	1635	1	5037	0.000198531
AP-11161	1636	2	5037	0.000397062
AP-11161	1637	2	5037	0.000397062
AP-11161	1639	1	5037	0.000198531
AP-11161	1640	1	5037	0.000198531
AP-11161	1642	1	5037	0.000198531
AP-11161	1643	2	5037	0.000397062
AP-11161	1644	3	5037	0.000595593
AP-11161	1645	1	5037	0.000198531
AP-11161	1646	2	5037	0.000397062
AP-11161	1648	1	5037	0.000198531
AP-11161	1649	1	5037	0.000198531
AP-11161	1650	5	5037	0.000992654
AP-11161	1654	2	5037	0.000397062
AP-11161	1657	1	5037	0.000198531
AP-11161	1658	1	5037	0.000198531
AP-11161	1659	1	5037	0.000198531
AP-11161	1660	4	5037	0.000794124
AP-11161	1661	2	5037	0.000397062
AP-11161	1663	2	5037	0.000397062
AP-11161	1664	1	5037	0.000198531
AP-11161	1665	1	5037	0.000198531
AP-11161	1666	1	5037	0.000198531
AP-11161	1671	1	5037	0.000198531
AP-11161	1672	1	5037	0.000198531
AP-11161	1673	1	5037	0.000198531
AP-11161	1675	1	5037	0.000198531
AP-11161	1677	2	5037	0.000397062
AP-11161	1680	4	5037	0.000794124
AP-11161	1681	1	5037	0.000198531
AP-11161	1682	2	5037	0.000397062
AP-11161	1683	1	5037	0.000198531
AP-11161	1684	1	5037	0.000198531
AP-11161	1685	2	5037	0.000397062
AP-11161	1687	2	5037	0.000397062
AP-11161	1688	1	5037	0.000198531
AP-11161	1689	2	5037	0.000397062
AP-11161	1690	3	5037	0.000595593
AP-11161	1691	2	5037	0.000397062
AP-11161	1692	1	5037	0.000198531
AP-11161	1694	3	5037	0.000595593
AP-11161	1696	4	5037	0.000794124
AP-11161	1697	1	5037	0.000198531
AP-11161	1698	1	5037	0.000198531
AP-11161	1699	2	5037	0.000397062
AP-11161	1700	4	5037	0.000794124
AP-11161	1701	2	5037	0.000397062
AP-11161	1702	3	5037	0.000595593
AP-11161	1703	4	5037	0.000794124
AP-11161	1704	4	5037	0.000794124
AP-11161	1705	1	5037	0.000198531
AP-11161	1707	2	5037	0.000397062
AP-11161	1708	2	5037	0.000397062
AP-11161	1710	3	5037	0.000595593
AP-11161	1711	3	5037	0.000595593
AP-11161	1712	4	5037	0.000794124
AP-11161	1713	2	5037	0.000397062
AP-11161	1714	2	5037	0.000397062
AP-11161	1715	1	5037	0.000198531
AP-11161	1716	2	5037	0.000397062
AP-11161	1717	1	5037	0.000198531
AP-11161	1718	2	5037	0.000397062
AP-11161	1719	1	5037	0.000198531
AP-11161	1722	1	5037	0.000198531
AP-11161	1723	1	5037	0.000198531
AP-11161	1724	2	5037	0.000397062
AP-11161	1725	1	5037	0.000198531
AP-11161	1726	2	5037	0.000397062
AP-11161	1727	1	5037	0.000198531
AP-11161	1728	1	5037	0.000198531
AP-11161	1730	1	5037	0.000198531
AP-11161	1731	4	5037	0.000794124
AP-11161	1732	1	5037	0.000198531
AP-11161	1733	4	5037	0.000794124
AP-11161	1734	2	5037	0.000397062
AP-11161	1735	2	5037	0.000397062
AP-11161	1736	2	5037	0.000397062
AP-11161	1737	3	5037	0.000595593
AP-11161	1738	2	5037	0.000397062
AP-11161	1739	4	5037	0.000794124
AP-11161	1740	3	5037	0.000595593
AP-11161	1741	5	5037	0.000992654
AP-11161	1742	3	5037	0.000595593
AP-11161	1743	4	5037	0.000794124
AP-11161	1744	5	5037	0.000992654
AP-11161	1745	6	5037	0.00119119
AP-11161	1746	3	5037	0.000595593
AP-11161	1748	3	5037	0.000595593
AP-11161	1749	1	5037	0.000198531
AP-11161	1751	1	5037	0.000198531
AP-11161	1752	1	5037	0.000198531
AP-11161	1753	3	5037	0.000595593
AP-11161	1754	2	5037	0.000397062
AP-11161	1756	2	5037	0.000397062
AP-11161	1757	3	5037	0.000595593
AP-11161	1758	3	5037	0.000595593
AP-11161	1759	2	5037	0.000397062
AP-11161	1760	4	5037	0.000794124
AP-11161	1761	3	5037	0.000595593
AP-11161	1762	1	5037	0.000198531
AP-11161	1763	2	5037	0.000397062
AP-11161	1764	3	5037	0.000595593
AP-11161	1767	1	5037	0.000198531
AP-11161	1768	1	5037	0.000198531
AP-11161	1769	1	5037	0.000198531
AP-11161	1770	1	5037	0.000198531
AP-11161	1771	1	5037	0.000198531
AP-11161	1773	1	5037	0.000198531
AP-11161	1775	1	5037	0.000198531
AP-11161	1777	2	5037	0.000397062
AP-11161	1780	1	5037	0.000198531
AP-11161	1781	1	5037	0.000198531
AP-11161	1782	1	5037	0.000198531
AP-11161	1783	1	5037	0.000198531
AP-11161	1784	1	5037	0.000198531
AP-11161	1785	2	5037	0.000397062
AP-11161	1786	2	5037	0.000397062
AP-11161	1788	2	5037	0.000397062
AP-11161	1791	1	5037	0.000198531
AP-11161	1792	3	5037	0.000595593
AP-11161	1794	6	5037	0.00119119
AP-11161	1795	1	5037	0.000198531
AP-11161	1796	2	5037	0.000397062
AP-11161	1797	1	5037	0.000198531
AP-11161	1799	2	5037	0.000397062
AP-11161	1800	2	5037	0.000397062
AP-11161	1802	2	5037	0.000397062
AP-11161	1803	2	5037	0.000397062
AP-11161	1804	1	5037	0.000198531
AP-11161	1805	1	5037	0.000198531
AP-11161	1806	1	5037	0.000198531
AP-11161	1807	2	5037	0.000397062
AP-11161	1808	4	5037	0.000794124
AP-11161	1809	1	5037	0.000198531
AP-11161	1810	4	5037	0.000794124
AP-11161	1811	2	5037	0.000397062
AP-11161	1813	1	5037	0.000198531
AP-11161	1814	2	5037	0.000397062
AP-11161	1815	3	5037	0.000595593
AP-11161	1816	1	5037	0.000198531
AP-11161	1817	2	5037	0.000397062
AP-11161	1819	1	5037	0.000198531
AP-11161	1820	2	5037	0.000397062
AP-11161	1821	1	5037	0.000198531
AP-11161	1822	2	5037	0.000397062
AP-11161	1823	1	5037	0.000198531
AP-11161	1824	2	5037	0.000397062
AP-11161	1826	1	5037	0.000198531
AP-11161	1827	1	5037	0.000198531
AP-11161	1830	2	5037	0.000397062
AP-11161	1831	2	5037	0.000397062
AP-11161	1832	2	5037	0.000397062
AP-11161	1833	2	5037	0.000397062
AP-11161	1834	1	5037	0.000198531
AP-11161	1835	3	5037	0.000595593
AP-11161	1836	2	5037	0.000397062
AP-11161	1837	3	5037	0.000595593
AP-11161	1839	1	5037	0.000198531
AP-11161	1840	2	5037	0.000397062
AP-11161	1841	1	5037	0.000198531
AP-11161	1842	1	5037	0.000198531
AP-11161	1843	3	5037	0.000595593
AP-11161	1844	3	5037	0.000595593
AP-11161	1845	2	5037	0.000397062
AP-11161	1846	2	5037	0.000397062
AP-11161	1847	2	5037	0.000397062
AP-11161	1848	3	5037	0.000595593
AP-11161	1849	1	5037	0.000198531
AP-11161	1850	4	5037	0.000794124
AP-11161	1851	4	5037	0.000794124
AP-11161	1852	3	5037	0.000595593
AP-11161	1853	6	5037	0.00119119
AP-11161	1854	5	5037	0.000992654
AP-11161	1855	1	5037	0.000198531
AP-11161	1856	5	5037	0.000992654
AP-11161	1857	4	5037	0.000794124
AP-11161	1858	8	5037	0.00158825
AP-11161	1859	3	5037	0.000595593
AP-11161	1860	4	5037	0.000794124
AP-11161	1861	7	5037	0.00138972
AP-11161	1862	6	5037	0.00119119
AP-11161	1863	5	5037	0.000992654
AP-11161	1864	2	5037	0.000397062
AP-11161	1865	2	5037	0.000397062
AP-11161	1866	4	5037	0.000794124
AP-11161	1867	3	5037	0.000595593
AP-11161	1868	5	5037	0.000992654
AP-11161	1869	2	5037	0.000397062
AP-11161	1870	6	5037	0.00119119
AP-11161	1871	3	5037	0.000595593
AP-11161	1872	4	5037	0.000794124
AP-11161	1873	4	5037	0.000794124
AP-11161	1874	4	5037	0.000794124
AP-11161	1875	7	5037	0.00138972
AP-11161	1876	4	5037	0.000794124
AP-11161	1878	7	5037	0.00138972
AP-11161	1879	2	5037	0.000397062
AP-11161	1880	5	5037	0.000992654
AP-11161	1881	4	5037	0.000794124
AP-11161	1882	3	5037	0.000595593
AP-11161	1883	8	5037	0.00158825
AP-11161	1884	4	5037	0.000794124
AP-11161	1885	1	5037	0.000198531
AP-11161	1886	2	5037	0.000397062
AP-11161	1887	1	5037	0.000198531
AP-11161	1891	2	5037	0.000397062
AP-11161	1892	2	5037	0.000397062
AP-11161	1893	1	5037	0.000198531
AP-11161	1894	5	5037	0.000992654
AP-11161	1895	3	5037	0.000595593
AP-11161	1896	2	5037	0.000397062
AP-11161	1897	1	5037	0.000198531
AP-11161	1901	1	5037	0.000198531
AP-11161	1902	4	5037	0.000794124
AP-11161	1903	1	5037	0.000198531
AP-11161	1907	2	5037	0.000397062
AP-11161	1908	2	5037	0.000397062
AP-11161	1909	2	5037	0.000397062
AP-11161	1910	2	5037	0.000397062
AP-11161	1913	1	5037	0.000198531
AP-11161	1914	2	5037	0.000397062
AP-11161	1915	1	5037	0.000198531
AP-11161	1916	1	5037	0.000198531
AP-11161	1917	1	5037	0.000198531
AP-11161	1918	2	5037	0.000397062
AP-11161	1919	2	5037	0.000397062
AP-11161	1920	2	5037	0.000397062
AP-11161	1921	3	5037	0.000595593
AP-11161	1922	2	5037	0.000397062
AP-11161	1923	2	5037	0.000397062
AP-11161	1924	4	5037	0.000794124
AP-11161	1925	4	5037	0.000794124
AP-11161	1926	2	5037	0.000397062
AP-11161	1927	1	5037	0.000198531
AP-11161	1928	1	5037	0.000198531
AP-11161	1929	2	5037	0.000397062
AP-11161	1930	5	5037	0.000992654
AP-11161	1931	2	5037	0.000397062
AP-11161	1932	5	5037	0.000992654
AP-11161	1933	5	5037	0.000992654
AP-11161	1934	5	5037	0.000992654
AP-11161	1935	3	5037	0.000595593
AP-11161	1936	3	5037	0.000595593
AP-11161	1937	4	5037	0.000794124
AP-11161	1938	3	5037	0.000595593
AP-11161	1939	1	5037	0.000198531
AP-11161	1940	5	5037	0.000992654
AP-11161	1941	3	5037	0.000595593
AP-11161	1943	2	5037	0.000397062
AP-11161	1944	4	5037	0.000794124
AP-11161	1946	1	5037	0.000198531
AP-11161	1948	3	5037	0.000595593
AP-11161	1949	2	5037	0.000397062
AP-11161	1950	6	5037	0.00119119
AP-11161	1951	1	5037	0.000198531
AP-11161	1952	2	5037	0.000397062
AP-11161	1953	2	5037	0.000397062
AP-11161	1954	3	5037	0.000595593
AP-11161	1955	1	5037	0.000198531
AP-11161	1956	3	5037	0.000595593
AP-11161	1957	1	5037	0.000198531
AP-11161	1960	1	5037	0.000198531
AP-11161	1962	2	5037	0.000397062
AP-11161	1963	2	5037	0.000397062
AP-11161	1964	1	5037	0.000198531
AP-11161	1965	3	5037	0.000595593
AP-11161	1967	3	5037	0.000595593
AP-11161	1968	1	5037	0.000198531
AP-11161	1970	1	5037	0.000198531
AP-11161	1971	2	5037	0.000397062
AP-11161	1972	2	5037	0.000397062
AP-11161	1974	3	5037	0.000595593
AP-11161	1975	1	5037	0.000198531
AP-11161	1976	5	5037	0.000992654
AP-11161	1977	1	5037	0.000198531
AP-11161	1978	4	5037	0.000794124
AP-11161	1979	2	5037	0.000397062
AP-11161	1980	3	5037	0.000595593
AP-11161	1981	5	5037	0.000992654
AP-11161	1982	4	5037	0.000794124
AP-11161	1984	5	5037	0.000992654
AP-11161	1985	3	5037	0.000595593
AP-11161	1986	6	5037	0.00119119
AP-11161	1987	7	5037	0.00138972
AP-11161	1988	3	5037	0.000595593
AP-11161	1989	3	5037	0.000595593
AP-11161	1991	4	5037	0.000794124
AP-11161	1992	6	5037	0.00119119
AP-11161	1993	5	5037	0.000992654
AP-11161	1994	4	5037	0.000794124
AP-11161	1995	3	5037	0.000595593
AP-11161	1996	3	5037	0.000595593
AP-11161	1997	2	5037	0.000397062
AP-11161	1998	4	5037	0.000794124
AP-11161	1999	5	5037	0.000992654
AP-11161	2002	3	5037	0.000595593
AP-11161	2003	1	5037	0.000198531
AP-11161	2004	1	5037	0.000198531
AP-11161	2005	7	5037	0.00138972
AP-11161	2006	3	5037	0.000595593
AP-11161	2007	3	5037	0.000595593
AP-11161	2008	3	5037	0.000595593
AP-11161	2009	4	5037	0.000794124
AP-11161	2010	3	5037	0.000595593
AP-11161	2011	4	5037	0.000794124
AP-11161	2012	2	5037	0.000397062
AP-11161	2013	4	5037	0.000794124
AP-11161	2014	6	5037	0.00119119
AP-11161	2015	4	5037	0.000794124
AP-11161	2016	4	5037	0.000794124
AP-11161	2017	4	5037	0.000794124
AP-11161	2018	4	5037	0.000794124
AP-11161	2019	1	5037	0.000198531
AP-11161	2020	7	5037	0.00138972
AP-11161	2021	2	5037	0.000397062
AP-11161	2022	8	5037	0.00158825
AP-11161	2023	8	5037	0.00158825
AP-11161	2025	3	5037	0.000595593
AP-11161	2026	2	5037	0.000397062
AP-11161	2027	5	5037	0.000992654
AP-11161	2028	4	5037	0.000794124
AP-11161	2029	5	5037	0.000992654
AP-11161	2030	6	5037	0.00119119
AP-11161	2031	2	5037	0.000397062
AP-11161	2032	2	5037	0.000397062
AP-11161	2033	2	5037	0.000397062
AP-11161	2035	2	5037	0.000397062
AP-11161	2036	5	5037	0.000992654
AP-11161	2037	1	5037	0.000198531
AP-11161	2038	6	5037	0.00119119
AP-11161	2039	5	5037	0.000992654
AP-11161	2040	4	5037	0.000794124
AP-11161	2041	3	5037	0.000595593
AP-11161	2042	2	5037	0.000397062
AP-11161	2043	7	5037	0.00138972
AP-11161	2044	1	5037	0.000198531
AP-11161	2045	4	5037	0.000794124
AP-11161	2046	4	5037	0.000794124
AP-11161	2047	4	5037	0.000794124
AP-11161	2048	4	5037	0.000794124
AP-11161	2049	5	5037	0.000992654
AP-11161	2050	5	5037	0.000992654
AP-11161	2051	4	5037	0.000794124
AP-11161	2052	3	5037	0.000595593
AP-11161	2053	6	5037	0.00119119
AP-11161	2054	5	5037	0.000992654
AP-11161	2055	7	5037	0.00138972
AP-11161	2056	4	5037	0.000794124
AP-11161	2057	3	5037	0.000595593
AP-11161	2058	4	5037	0.000794124
AP-11161	2059	6	5037	0.00119119
AP-11161	2060	5	5037	0.000992654
AP-11161	2061	1	5037	0.000198531
AP-11161	2062	4	5037	0.000794124
AP-11161	2063	4	5037	0.000794124
AP-11161	2064	5	5037	0.000992654
AP-11161	2065	2	5037	0.000397062
AP-11161	2066	6	5037	0.00119119
AP-11161	2067	3	5037	0.000595593
AP-11161	2068	1	5037	0.000198531
AP-11161	2069	3	5037	0.000595593
AP-11161	2070	2	5037	0.000397062
AP-11161	2071	3	5037	0.000595593
AP-11161	2072	3	5037	0.000595593
AP-11161	2074	4	5037	0.000794124
AP-11161	2075	3	5037	0.000595593
AP-11161	2076	5	5037	0.000992654
AP-11161	2077	2	5037	0.000397062
AP-11161	2078	1	5037	0.000198531
AP-11161	2079	2	5037	0.000397062
AP-11161	2080	5	5037	0.000992654
AP-11161	2081	4	5037	0.000794124
AP-11161	2082	1	5037	0.000198531
AP-11161	2083	4	5037	0.000794124
AP-11161	2084	3	5037	0.000595593
AP-11161	2085	2	5037	0.000397062
AP-11161	2086	3	5037	0.000595593
AP-11161	2087	4	5037	0.000794124
AP-11161	2088	3	5037	0.000595593
AP-11161	2089	4	5037	0.000794124
AP-11161	2091	3	5037	0.000595593
AP-11161	2092	4	5037	0.000794124
AP-11161	2093	3	5037	0.000595593
AP-11161	2094	1	5037	0.000198531
AP-11161	2095	2	5037	0.000397062
AP-11161	2096	1	5037	0.000198531
AP-11161	2097	2	5037	0.000397062
AP-11161	2098	4	5037	0.000794124
AP-11161	2099	1	5037	0.000198531
AP-11161	2100	1	5037	0.000198531
AP-11161	2101	2	5037	0.000397062
AP-11161	2102	3	5037	0.000595593
AP-11161	2103	2	5037	0.000397062
AP-11161	2104	4	5037	0.000794124
AP-11161	2105	2	5037	0.000397062
AP-11161	2106	2	5037	0.000397062
AP-11161	2107	2	5037	0.000397062
AP-11161	2108	1	5037	0.000198531
AP-11161	2109	5	5037	0.000992654
AP-11161	2110	5	5037	0.000992654
AP-11161	2111	10	5037	0.00198531
AP-11161	2112	5	5037	0.000992654
AP-11161	2113	2	5037	0.000397062
AP-11161	2114	2	5037	0.000397062
AP-11161	2115	4	5037	0.000794124
AP-11161	2116	6	5037	0.00119119
AP-11161	2117	3	5037	0.000595593
AP-11161	2118	1	5037	0.000198531
AP-11161	2119	4	5037	0.000794124
AP-11161	2120	1	5037	0.000198531
AP-11161	2121	3	5037	0.000595593
AP-11161	2122	3	5037	0.000595593
AP-11161	2123	2	5037	0.000397062
AP-11161	2124	3	5037	0.000595593
AP-11161	2125	4	5037	0.000794124
AP-11161	2126	5	5037	0.000992654
AP-11161	2127	7	5037	0.00138972
AP-11161	2128	6	5037	0.00119119
AP-11161	2129	4	5037	0.000794124
AP-11161	2130	8	5037	0.00158825
AP-11161	2131	5	5037	0.000992654
AP-11161	2132	5	5037	0.000992654
AP-11161	2133	7	5037	0.00138972
AP-11161	2134	10	5037	0.00198531
AP-11161	2135	6	5037	0.00119119
AP-11161	2136	7	5037	0.00138972
AP-11161	2137	5	5037	0.000992654
AP-11161	2138	13	5037	0.0025809
AP-11161	2139	5	5037	0.000992654
AP-11161	2140	10	5037	0.00198531
AP-11161	2141	12	5037	0.00238237
AP-11161	2142	5	5037	0.000992654
AP-11161	2143	6	5037	0.00119119
AP-11161	2144	9	5037	0.00178678
AP-11161	2145	6	5037	0.00119119
AP-11161	2146	6	5037	0.00119119
AP-11161	2147	6	5037	0.00119119
AP-11161	2148	7	5037	0.00138972
AP-11161	2149	13	5037	0.0025809
AP-11161	2150	4	5037	0.000794124
AP-11161	2151	3	5037	0.000595593
AP-11161	2152	10	5037	0.00198531
AP-11161	2153	2	5037	0.000397062
AP-11161	2154	4	5037	0.000794124
AP-11161	2155	5	5037	0.000992654
AP-11161	2156	5	5037	0.000992654
AP-11161	2157	3	5037	0.000595593
AP-11161	2158	5	5037	0.000992654
AP-11161	2159	4	5037	0.000794124
AP-11161	2160	4	5037	0.000794124
AP-11161	2161	9	5037	0.00178678
AP-11161	2162	1	5037	0.000198531
AP-11161	2163	1	5037	0.000198531
AP-11161	2164	1	5037	0.000198531
AP-11161	2165	4	5037	0.000794124
AP-11161	2166	2	5037	0.000397062
AP-11161	2167	2	5037	0.000397062
AP-11161	2168	3	5037	0.000595593
AP-11161	2169	2	5037	0.000397062
AP-11161	2172	1	5037	0.000198531
AP-11161	2173	3	5037	0.000595593
AP-11161	2174	2	5037	0.000397062
AP-11161	2175	2	5037	0.000397062
AP-11161	2176	1	5037	0.000198531
AP-11161	2177	2	5037	0.000397062
AP-11161	2178	3	5037	0.000595593
AP-11161	2179	1	5037	0.000198531
AP-11161	2180	2	5037	0.000397062
AP-11161	2181	1	5037	0.000198531
AP-11161	2182	4	5037	0.000794124
AP-11161	2183	4	5037	0.000794124
AP-11161	2185	6	5037	0.00119119
AP-11161	2186	9	5037	0.00178678
AP-11161	2187	3	5037	0.000595593
AP-11161	2188	3	5037	0.000595593
AP-11161	2189	6	5037	0.00119119
AP-11161	2190	4	5037	0.000794124
AP-11161	2192	3	5037	0.000595593
AP-11161	2193	3	5037	0.000595593
AP-11161	2194	2	5037	0.000397062
AP-11161	2195	5	5037	0.000992654
AP-11161	2196	3	5037	0.000595593
AP-11161	2197	4	5037	0.000794124
AP-11161	2198	8	5037	0.00158825
AP-11161	2199	6	5037	0.00119119
AP-11161	2200	5	5037	0.000992654
AP-11161	2201	2	5037	0.000397062
AP-11161	2202	1	5037	0.000198531
AP-11161	2203	5	5037	0.000992654
AP-11161	2204	7	5037	0.00138972
AP-11161	2205	3	5037	0.000595593
AP-11161	2206	6	5037	0.00119119
AP-11161	2207	3	5037	0.000595593
AP-11161	2208	1	5037	0.000198531
AP-11161	2209	7	5037	0.00138972
AP-11161	2210	1	5037	0.000198531
AP-11161	2211	1	5037	0.000198531
AP-11161	2212	3	5037	0.000595593
AP-11161	2213	3	5037	0.000595593
AP-11161	2214	1	5037	0.000198531
AP-11161	2215	6	5037	0.00119119
AP-11161	2216	5	5037	0.000992654
AP-11161	2217	2	5037	0.000397062
AP-11161	2218	4	5037	0.000794124
AP-11161	2219	5	5037	0.000992654
AP-11161	2220	9	5037	0.00178678
AP-11161	2221	1	5037	0.000198531
AP-11161	2222	1	5037	0.000198531
AP-11161	2223	5	5037	0.000992654
AP-11161	2224	3	5037	0.000595593
AP-11161	2225	4	5037	0.000794124
AP-11161	2226	5	5037	0.000992654
AP-11161	2227	6	5037	0.00119119
AP-11161	2228	7	5037	0.00138972
AP-11161	2229	6	5037	0.00119119
AP-11161	2230	2	5037	0.000397062
AP-11161	2231	8	5037	0.00158825
AP-11161	2232	5	5037	0.000992654
AP-11161	2233	5	5037	0.000992654
AP-11161	2234	6	5037	0.00119119
AP-11161	2235	7	5037	0.00138972
AP-11161	2236	8	5037	0.00158825
AP-11161	2237	3	5037	0.000595593
AP-11161	2238	2	5037	0.000397062
AP-11161	2239	9	5037	0.00178678
AP-11161	2240	5	5037	0.000992654
AP-11161	2241	4	5037	0.000794124
AP-11161	2242	3	5037	0.000595593
AP-11161	2243	7	5037	0.00138972
AP-11161	2244	2	5037	0.000397062
AP-11161	2245	3	5037	0.000595593
AP-11161	2246	7	5037	0.00138972
AP-11161	2247	6	5037	0.00119119
AP-11161	2248	4	5037	0.000794124
AP-11161	2249	5	5037	0.000992654
AP-11161	2250	8	5037	0.00158825
AP-11161	2251	1	5037	0.000198531
AP-11161	2252	4	5037	0.000794124
AP-11161	2253	3	5037	0.000595593
AP-11161	2254	4	5037	0.000794124
AP-11161	2255	5	5037	0.000992654
AP-11161	2256	2	5037	0.000397062
AP-11161	2257	2	5037	0.000397062
AP-11161	2258	1	5037	0.000198531
AP-11161	2259	4	5037	0.000794124
AP-11161	2260	2	5037	0.000397062
AP-11161	2261	4	5037	0.000794124
AP-11161	2262	3	5037	0.000595593
AP-11161	2263	4	5037	0.000794124
AP-11161	2264	3	5037	0.000595593
AP-11161	2265	2	5037	0.000397062
AP-11161	2266	1	5037	0.000198531
AP-11161	2267	4	5037	0.000794124
AP-11161	2268	2	5037	0.000397062
AP-11161	2269	4	5037	0.000794124
AP-11161	2270	1	5037	0.000198531
AP-11161	2271	4	5037	0.000794124
AP-11161	2273	6	5037	0.00119119
AP-11161	2274	5	5037	0.000992654
AP-11161	2275	7	5037	0.00138972
AP-11161	2276	2	5037	0.000397062
AP-11161	2277	3	5037	0.000595593
AP-11161	2278	2	5037	0.000397062
AP-11161	2279	7	5037	0.00138972
AP-11161	2280	3	5037	0.000595593
AP-11161	2281	4	5037	0.000794124
AP-11161	2282	4	5037	0.000794124
AP-11161	2283	4	5037	0.000794124
AP-11161	2284	6	5037	0.00119119
AP-11161	2285	5	5037	0.000992654
AP-11161	2286	3	5037	0.000595593
AP-11161	2287	4	5037	0.000794124
AP-11161	2288	8	5037	0.00158825
AP-11161	2289	8	5037	0.00158825
AP-11161	2290	5	5037	0.000992654
AP-11161	2291	2	5037	0.000397062
AP-11161	2292	4	5037	0.000794124
AP-11161	2293	2	5037	0.000397062
AP-11161	2294	5	5037	0.000992654
AP-11161	2295	5	5037	0.000992654
AP-11161	2296	6	5037	0.00119119
AP-11161	2297	4	5037	0.000794124
AP-11161	2298	5	5037	0.000992654
AP-11161	2299	9	5037	0.00178678
AP-11161	2300	7	5037	0.00138972
AP-11161	2301	5	5037	0.000992654
AP-11161	2302	3	5037	0.000595593
AP-11161	2303	6	5037	0.00119119
AP-11161	2304	6	5037	0.00119119
AP-11161	2305	8	5037	0.00158825
AP-11161	2306	6	5037	0.00119119
AP-11161	2307	2	5037	0.000397062
AP-11161	2308	5	5037	0.000992654
AP-11161	2309	2	5037	0.000397062
AP-11161	2310	5	5037	0.000992654
AP-11161	2311	4	5037	0.000794124
AP-11161	2312	4	5037	0.000794124
AP-11161	2313	3	5037	0.000595593
AP-11161	2314	2	5037	0.000397062
AP-11161	2315	3	5037	0.000595593
AP-11161	2316	3	5037	0.000595593
AP-11161	2317	7	5037	0.00138972
AP-11161	2318	4	5037	0.000794124
AP-11161	2319	5	5037	0.000992654
AP-11161	2320	5	5037	0.000992654
AP-11161	2321	2	5037	0.000397062
AP-11161	2322	7	5037	0.00138972
AP-11161	2323	4	5037	0.000794124
AP-11161	2324	1	5037	0.000198531
AP-11161	2325	5	5037	0.000992654
AP-11161	2326	6	5037	0.00119119
AP-11161	2327	2	5037	0.000397062
AP-11161	2328	5	5037	0.000992654
AP-11161	2329	11	5037	0.00218384
AP-11161	2330	4	5037	0.000794124
AP-11161	2331	3	5037	0.000595593
AP-11161	2332	9	5037	0.00178678
AP-11161	2333	5	5037	0.000992654
AP-11161	2334	5	5037	0.000992654
AP-11161	2335	7	5037	0.00138972
AP-11161	2336	5	5037	0.000992654
AP-11161	2337	3	5037	0.000595593
AP-11161	2338	6	5037	0.00119119
AP-11161	2339	10	5037	0.00198531
AP-11161	2340	3	5037	0.000595593
AP-11161	2341	5	5037	0.000992654
AP-11161	2342	6	5037	0.00119119
AP-11161	2343	2	5037	0.000397062
AP-11161	2344	4	5037	0.000794124
AP-11161	2345	4	5037	0.000794124
AP-11161	2346	2	5037	0.000397062
AP-11161	2347	3	5037	0.000595593
AP-11161	2348	6	5037	0.00119119
AP-11161	2349	1	5037	0.000198531
AP-11161	2350	3	5037	0.000595593
AP-11161	2351	1	5037	0.000198531
AP-11161	2352	3	5037	0.000595593
AP-11161	2353	5	5037	0.000992654
AP-11161	2354	4	5037	0.000794124
AP-11161	2355	3	5037	0.000595593
AP-11161	2356	4	5037	0.000794124
AP-11161	2357	1	5037	0.000198531
AP-11161	2358	2	5037	0.000397062
AP-11161	2359	6	5037	0.00119119
AP-11161	2360	8	5037	0.00158825
AP-11161	2361	3	5037	0.000595593
AP-11161	2362	3	5037	0.000595593
AP-11161	2363	3	5037	0.000595593
AP-11161	2364	1	5037	0.000198531
AP-11161	2365	2	5037	0.000397062
AP-11161	2366	4	5037	0.000794124
AP-11161	2367	2	5037	0.000397062
AP-11161	2368	3	5037	0.000595593
AP-11161	2369	3	5037	0.000595593
AP-11161	2370	1	5037	0.000198531
AP-11161	2371	1	5037	0.000198531
AP-11161	2372	3	5037	0.000595593
AP-11161	2373	2	5037	0.000397062
AP-11161	2374	2	5037	0.000397062
AP-11161	2375	2	5037	0.000397062
AP-11161	2377	2	5037	0.000397062
AP-11161	2378	2	5037	0.000397062
AP-11161	2379	6	5037	0.00119119
AP-11161	2380	4	5037	0.000794124
AP-11161	2381	2	5037	0.000397062
AP-11161	2382	4	5037	0.000794124
AP-11161	2383	2	5037	0.000397062
AP-11161	2384	3	5037	0.000595593
AP-11161	2385	3	5037	0.000595593
AP-11161	2386	6	5037	0.00119119
AP-11161	2387	3	5037	0.000595593
AP-11161	2388	3	5037	0.000595593
AP-11161	2389	4	5037	0.000794124
AP-11161	2390	3	5037	0.000595593
AP-11161	2391	3	5037	0.000595593
AP-11161	2392	1	5037	0.000198531
AP-11161	2393	1	5037	0.000198531
AP-11161	2394	2	5037	0.000397062
AP-11161	2395	3	5037	0.000595593
AP-11161	2396	4	5037	0.000794124
AP-11161	2398	4	5037	0.000794124
AP-11161	2399	2	5037	0.000397062
AP-11161	2400	3	5037	0.000595593
AP-11161	2401	1	5037	0.000198531
AP-11161	2402	2	5037	0.000397062
AP-11161	2403	1	5037	0.000198531
AP-11161	2404	2	5037	0.000397062
AP-11161	2406	4	5037	0.000794124
AP-11161	2407	3	5037	0.000595593
AP-11161	2408	1	5037	0.000198531
AP-11161	2409	1	5037	0.000198531
AP-11161	2410	4	5037	0.000794124
AP-11161	2411	1	5037	0.000198531
AP-11161	2412	3	5037	0.000595593
AP-11161	2413	2	5037	0.000397062
AP-11161	2414	1	5037	0.000198531
AP-11161	2415	2	5037	0.000397062
AP-11161	2416	1	5037	0.000198531
AP-11161	2417	2	5037	0.000397062
AP-11161	2418	1	5037	0.000198531
AP-11161	2419	4	5037	0.000794124
AP-11161	2420	4	5037	0.000794124
AP-11161	2421	1	5037	0.000198531
AP-11161	2422	4	5037	0.000794124
AP-11161	2423	2	5037	0.000397062
AP-11161	2424	8	5037	0.00158825
AP-11161	2425	4	5037	0.000794124
AP-11161	2426	7	5037	0.00138972
AP-11161	2427	1	5037	0.000198531
AP-11161	2428	5	5037	0.000992654
AP-11161	2429	8	5037	0.00158825
AP-11161	2430	4	5037	0.000794124
AP-11161	2431	8	5037	0.00158825
AP-11161	2432	8	5037	0.00158825
AP-11161	2433	5	5037	0.000992654
AP-11161	2434	4	5037	0.000794124
AP-11161	2435	5	5037	0.000992654
AP-11161	2437	3	5037	0.000595593
AP-11161	2438	1	5037	0.000198531
AP-11161	2439	5	5037	0.000992654
AP-11161	2440	1	5037	0.000198531
AP-11161	2441	1	5037	0.000198531
AP-11161	2442	1	5037	0.000198531
AP-11161	2443	6	5037	0.00119119
AP-11161	2444	4	5037	0.000794124
AP-11161	2445	4	5037	0.000794124
AP-11161	2446	3	5037	0.000595593
AP-11161	2448	2	5037	0.000397062
AP-11161	2450	2	5037	0.000397062
AP-11161	2451	1	5037	0.000198531
AP-11161	2454	6	5037	0.00119119
AP-11161	2455	6	5037	0.00119119
AP-11161	2457	2	5037	0.000397062
AP-11161	2458	2	5037	0.000397062
AP-11161	2459	2	5037	0.000397062
AP-11161	2460	5	5037	0.000992654
AP-11161	2462	3	5037	0.000595593
AP-11161	2463	3	5037	0.000595593
AP-11161	2464	2	5037	0.000397062
AP-11161	2465	1	5037	0.000198531
AP-11161	2466	4	5037	0.000794124
AP-11161	2467	3	5037	0.000595593
AP-11161	2468	2	5037	0.000397062
AP-11161	2469	4	5037	0.000794124
AP-11161	2470	4	5037	0.000794124
AP-11161	2471	3	5037	0.000595593
AP-11161	2472	4	5037	0.000794124
AP-11161	2473	2	5037	0.000397062
AP-11161	2474	3	5037	0.000595593
AP-11161	2475	5	5037	0.000992654
AP-11161	2477	1	5037	0.000198531
AP-11161	2478	2	5037	0.000397062
AP-11161	2479	1	5037	0.000198531
AP-11161	2480	6	5037	0.00119119
AP-11161	2481	3	5037	0.000595593
AP-11161	2483	1	5037	0.000198531
AP-11161	2484	1	5037	0.000198531
AP-11161	2485	7	5037	0.00138972
AP-11161	2486	3	5037	0.000595593
AP-11161	2487	1	5037	0.000198531
AP-11161	2489	1	5037	0.000198531
AP-11161	2490	1	5037	0.000198531
AP-11161	2491	2	5037	0.000397062
AP-11161	2492	6	5037	0.00119119
AP-11161	2493	5	5037	0.000992654
AP-11161	2494	4	5037	0.000794124
AP-11161	2495	3	5037	0.000595593
AP-11161	2496	5	5037	0.000992654
AP-11161	2497	5	5037	0.000992654
AP-11161	2498	3	5037	0.000595593
AP-11161	2499	3	5037	0.000595593
AP-11161	2500	9	5037	0.00178678
AP-11161	2501	7	5037	0.00138972
AP-11161	2502	4	5037	0.000794124
AP-11161	2503	3	5037	0.000595593
AP-11161	2504	5	5037	0.000992654
AP-11161	2505	9	5037	0.00178678
AP-11161	2506	5	5037	0.000992654
AP-11161	2507	4	5037	0.000794124
AP-11161	2508	6	5037	0.00119119
AP-11161	2509	3	5037	0.000595593
AP-11161	2510	6	5037	0.00119119
AP-11161	2511	7	5037	0.00138972
AP-11161	2512	5	5037	0.000992654
AP-11161	2513	10	5037	0.00198531
AP-11161	2514	11	5037	0.00218384
AP-11161	2515	7	5037	0.00138972
AP-11161	2516	4	5037	0.000794124
AP-11161	2517	10	5037	0.00198531
AP-11161	2518	8	5037	0.00158825
AP-11161	2519	5	5037	0.000992654
AP-11161	2520	2	5037	0.000397062
AP-11161	2521	10	5037	0.00198531
AP-11161	2522	8	5037	0.00158825
AP-11161	2523	9	5037	0.00178678
AP-11161	2524	4	5037	0.000794124
AP-11161	2525	8	5037	0.00158825
AP-11161	2526	6	5037	0.00119119
AP-11161	2527	4	5037	0.000794124
AP-11161	2528	1	5037	0.000198531
AP-11161	2529	5	5037	0.000992654
AP-11161	2530	5	5037	0.000992654
AP-11161	2531	5	5037	0.000992654
AP-11161	2532	5	5037	0.000992654
AP-11161	2533	8	5037	0.00158825
AP-11161	2534	5	5037	0.000992654
AP-11161	2535	6	5037	0.00119119
AP-11161	2536	4	5037	0.000794124
AP-11161	2537	5	5037	0.000992654
AP-11161	2538	6	5037	0.00119119
AP-11161	2539	5	5037	0.000992654
AP-11161	2540	5	5037	0.000992654
AP-11161	2541	6	5037	0.00119119
AP-11161	2542	2	5037	0.000397062
AP-11161	2543	8	5037	0.00158825
AP-11161	2544	5	5037	0.000992654
AP-11161	2545	5	5037	0.000992654
AP-11161	2546	5	5037	0.000992654
AP-11161	2547	5	5037	0.000992654
AP-11161	2548	7	5037	0.00138972
AP-11161	2549	1	5037	0.000198531
AP-11161	2550	10	5037	0.00198531
AP-11161	2551	11	5037	0.00218384
AP-11161	2552	4	5037	0.000794124
AP-11161	2553	9	5037	0.00178678
AP-11161	2554	6	5037	0.00119119
AP-11161	2555	6	5037	0.00119119
AP-11161	2556	10	5037	0.00198531
AP-11161	2557	7	5037	0.00138972
AP-11161	2558	11	5037	0.00218384
AP-11161	2559	6	5037	0.00119119
AP-11161	2560	5	5037	0.000992654
AP-11161	2561	12	5037	0.00238237
AP-11161	2562	9	5037	0.00178678
AP-11161	2563	12	5037	0.00238237
AP-11161	2564	9	5037	0.00178678
AP-11161	2565	10	5037	0.00198531
AP-11161	2566	8	5037	0.00158825
AP-11161	2567	16	5037	0.00317649
AP-11161	2568	13	5037	0.0025809
AP-11161	2569	10	5037	0.00198531
AP-11161	2570	9	5037	0.00178678
AP-11161	2571	17	5037	0.00337502
AP-11161	2572	14	5037	0.00277943
AP-11161	2573	8	5037	0.00158825
AP-11161	2574	13	5037	0.0025809
AP-11161	2575	19	5037	0.00377209
AP-11161	2576	11	5037	0.00218384
AP-11161	2577	11	5037	0.00218384
AP-11161	2578	10	5037	0.00198531
AP-11161	2579	11	5037	0.00218384
AP-11161	2580	12	5037	0.00238237
AP-11161	2581	16	5037	0.00317649
AP-11161	2582	9	5037	0.00178678
AP-11161	2583	9	5037	0.00178678
AP-11161	2584	10	5037	0.00198531
AP-11161	2585	4	5037	0.000794124
AP-11161	2586	9	5037	0.00178678
AP-11161	2587	8	5037	0.00158825
AP-11161	2588	5	5037	0.000992654
AP-11161	2589	7	5037	0.00138972
AP-11161	2590	6	5037	0.00119119
AP-11161	2591	7	5037	0.00138972
AP-11161	2592	2	5037	0.000397062
AP-11161	2593	2	5037	0.000397062
AP-11161	2594	4	5037	0.000794124
AP-11161	2595	4	5037	0.000794124
AP-11161	2596	3	5037	0.000595593
AP-11161	2597	5	5037	0.000992654
AP-11161	2598	3	5037	0.000595593
AP-11161	2599	5	5037	0.000992654
AP-11161	2600	6	5037	0.00119119
AP-11161	2601	4	5037	0.000794124
AP-11161	2602	4	5037	0.000794124
AP-11161	2603	5	5037	0.000992654
AP-11161	2604	6	5037	0.00119119
AP-11161	2605	3	5037	0.000595593
AP-11161	2606	9	5037	0.00178678
AP-11161	2607	5	5037	0.000992654
AP-11161	2608	8	5037	0.00158825
AP-11161	2609	5	5037	0.000992654
AP-11161	2610	4	5037	0.000794124
AP-11161	2611	5	5037	0.000992654
AP-11161	2612	8	5037	0.00158825
AP-11161	2613	7	5037	0.00138972
AP-11161	2614	8	5037	0.00158825
AP-11161	2615	10	5037	0.00198531
AP-11161	2616	13	5037	0.0025809
AP-11161	2617	11	5037	0.00218384
AP-11161	2618	6	5037	0.00119119
AP-11161	2619	7	5037	0.00138972
AP-11161	2620	13	5037	0.0025809
AP-11161	2621	7	5037	0.00138972
AP-11161	2622	10	5037	0.00198531
AP-11161	2623	4	5037	0.000794124
AP-11161	2624	7	5037	0.00138972
AP-11161	2625	10	5037	0.00198531
AP-11161	2626	7	5037	0.00138972
AP-11161	2627	6	5037	0.00119119
AP-11161	2628	4	5037	0.000794124
AP-11161	2629	5	5037	0.000992654
AP-11161	2630	9	5037	0.00178678
AP-11161	2631	5	5037	0.000992654
AP-11161	2632	4	5037	0.000794124
AP-11161	2633	7	5037	0.00138972
AP-11161	2634	7	5037	0.00138972
AP-11161	2635	5	5037	0.000992654
AP-11161	2636	7	5037	0.00138972
AP-11161	2637	5	5037	0.000992654
AP-11161	2638	5	5037	0.000992654
AP-11161	2639	6	5037	0.00119119
AP-11161	2640	5	5037	0.000992654
AP-11161	2641	3	5037	0.000595593
AP-11161	2642	7	5037	0.00138972
AP-11161	2643	7	5037	0.00138972
AP-11161	2644	12	5037	0.00238237
AP-11161	2645	3	5037	0.000595593
AP-11161	2646	5	5037	0.000992654
AP-11161	2647	5	5037	0.000992654
AP-11161	2648	6	5037	0.00119119
AP-11161	2649	6	5037	0.00119119
AP-11161	2650	10	5037	0.00198531
AP-11161	2651	3	5037	0.000595593
AP-11161	2652	6	5037	0.00119119
AP-11161	2653	1	5037	0.000198531
AP-11161	2654	5	5037	0.000992654
AP-11161	2655	8	5037	0.00158825
AP-11161	2656	5	5037	0.000992654
AP-11161	2657	5	5037	0.000992654
AP-11161	2658	7	5037	0.00138972
AP-11161	2659	5	5037	0.000992654
AP-11161	2660	10	5037	0.00198531
AP-11161	2661	2	5037	0.000397062
AP-11161	2662	4	5037	0.000794124
AP-11161	2663	5	5037	0.000992654
AP-11161	2664	9	5037	0.00178678
AP-11161	2665	8	5037	0.00158825
AP-11161	2666	8	5037	0.00158825
AP-11161	2667	10	5037	0.00198531
AP-11161	2668	5	5037	0.000992654
AP-11161	2669	7	5037	0.00138972
AP-11161	2670	6	5037	0.00119119
AP-11161	2671	7	5037	0.00138972
AP-11161	2672	11	5037	0.00218384
AP-11161	2673	6	5037	0.00119119
AP-11161	2674	10	5037	0.00198531
AP-11161	2675	8	5037	0.00158825
AP-11161	2676	11	5037	0.00218384
AP-11161	2677	8	5037	0.00158825
AP-11161	2678	6	5037	0.00119119
AP-11161	2679	10	5037	0.00198531
AP-11161	2680	5	5037	0.000992654
AP-11161	2681	9	5037	0.00178678
AP-11161	2682	8	5037	0.00158825
AP-11161	2683	4	5037	0.000794124
AP-11161	2684	11	5037	0.00218384
AP-11161	2685	6	5037	0.00119119
AP-11161	2686	3	5037	0.000595593
AP-11161	2687	5	5037	0.000992654
AP-11161	2688	4	5037	0.000794124
AP-11161	2689	7	5037	0.00138972
AP-11161	2690	6	5037	0.00119119
AP-11161	2691	7	5037	0.00138972
AP-11161	2692	6	5037	0.00119119
AP-11161	2693	7	5037	0.00138972
AP-11161	2694	6	5037	0.00119119
AP-11161	2695	6	5037	0.00119119
AP-11161	2697	6	5037	0.00119119
AP-11161	2698	7	5037	0.00138972
AP-11161	2699	11	5037	0.00218384
AP-11161	2700	6	5037	0.00119119
AP-11161	2701	11	5037	0.00218384
AP-11161	2702	6	5037	0.00119119
AP-11161	2703	8	5037	0.00158825
AP-11161	2704	11	5037	0.00218384
AP-11161	2705	8	5037	0.00158825
AP-11161	2706	4	5037	0.000794124
AP-11161	2707	9	5037	0.00178678
AP-11161	2708	7	5037	0.00138972
AP-11161	2709	4	5037	0.000794124
AP-11161	2710	8	5037	0.00158825
AP-11161	2711	7	5037	0.00138972
AP-11161	2712	7	5037	0.00138972
AP-11161	2713	5	5037	0.000992654
AP-11161	2714	11	5037	0.00218384
AP-11161	2715	7	5037	0.00138972
AP-11161	2716	10	5037	0.00198531
AP-11161	2717	4	5037	0.000794124
AP-11161	2718	3	5037	0.000595593
AP-11161	2719	6	5037	0.00119119
AP-11161	2720	6	5037	0.00119119
AP-11161	2721	6	5037	0.00119119
AP-11161	2722	6	5037	0.00119119
AP-11161	2723	4	5037	0.000794124
AP-11161	2724	3	5037	0.000595593
AP-11161	2725	8	5037	0.00158825
AP-11161	2726	9	5037	0.00178678
AP-11161	2727	4	5037	0.000794124
AP-11161	2728	5	5037	0.000992654
AP-11161	2729	4	5037	0.000794124
AP-11161	2730	3	5037	0.000595593
AP-11161	2731	4	5037	0.000794124
AP-11161	2732	1	5037	0.000198531
AP-11161	2733	2	5037	0.000397062
AP-11161	2734	3	5037	0.000595593
AP-11161	2735	2	5037	0.000397062
AP-11161	2736	3	5037	0.000595593
AP-11161	2737	1	5037	0.000198531
AP-11161	2738	2	5037	0.000397062
AP-11161	2739	2	5037	0.000397062
AP-11161	2740	3	5037	0.000595593
AP-11161	2741	5	5037	0.000992654
AP-11161	2742	6	5037	0.00119119
AP-11161	2743	4	5037	0.000794124
AP-11161	2744	7	5037	0.00138972
AP-11161	2745	6	5037	0.00119119
AP-11161	2746	8	5037	0.00158825
AP-11161	2747	5	5037	0.000992654
AP-11161	2748	4	5037	0.000794124
AP-11161	2749	1	5037	0.000198531
AP-11161	2750	4	5037	0.000794124
AP-11161	2751	7	5037	0.00138972
AP-11161	2752	7	5037	0.00138972
AP-11161	2753	8	5037	0.00158825
AP-11161	2754	6	5037	0.00119119
AP-11161	2755	8	5037	0.00158825
AP-11161	2756	8	5037	0.00158825
AP-11161	2757	7	5037	0.00138972
AP-11161	2758	8	5037	0.00158825
AP-11161	2759	5	5037	0.000992654
AP-11161	2760	6	5037	0.00119119
AP-11161	2761	10	5037	0.00198531
AP-11161	2762	12	5037	0.00238237
AP-11161	2763	10	5037	0.00198531
AP-11161	2764	9	5037	0.00178678
AP-11161	2765	16	5037	0.00317649
AP-11161	2766	4	5037	0.000794124
AP-11161	2767	5	5037	0.000992654
AP-11161	2768	12	5037	0.00238237
AP-11161	2769	11	5037	0.00218384
AP-11161	2770	7	5037	0.00138972
AP-11161	2771	6	5037	0.00119119
AP-11161	2772	3	5037	0.000595593
AP-11161	2773	3	5037	0.000595593
AP-11161	2774	4	5037	0.000794124
AP-11161	2775	6	5037	0.00119119
AP-11161	2776	7	5037	0.00138972
AP-11161	2777	3	5037	0.000595593
AP-11161	2778	7	5037	0.00138972
AP-11161	2779	2	5037	0.000397062
AP-11161	2780	2	5037	0.000397062
AP-11161	2781	3	5037	0.000595593
AP-11161	2782	6	5037	0.00119119
AP-11161	2785	4	5037	0.000794124
AP-11161	2786	2	5037	0.000397062
AP-11161	2787	1	5037	0.000198531
AP-11161	2788	1	5037	0.000198531
AP-11161	2790	6	5037	0.00119119
AP-11161	2791	1	5037	0.000198531
AP-11161	2793	1	5037	0.000198531
AP-11161	2794	2	5037	0.000397062
AP-11161	2796	4	5037	0.000794124
AP-11161	2797	1	5037	0.000198531
AP-11161	2798	3	5037	0.000595593
AP-11161	2800	1	5037	0.000198531
AP-11161	2801	3	5037	0.000595593
AP-11161	2802	1	5037	0.000198531
AP-11161	2803	1	5037	0.000198531
AP-11161	2804	3	5037	0.000595593
AP-11161	2805	5	5037	0.000992654
AP-11161	2806	3	5037	0.000595593
AP-11161	2807	3	5037	0.000595593
AP-11161	2809	2	5037	0.000397062
AP-11161	2810	3	5037	0.000595593
AP-11161	2811	3	5037	0.000595593
AP-11161	2812	7	5037	0.00138972
AP-11161	2813	3	5037	0.000595593
AP-11161	2814	4	5037	0.000794124
AP-11161	2815	3	5037	0.000595593
AP-11161	2816	3	5037	0.000595593
AP-11161	2817	3	5037	0.000595593
AP-11161	2818	3	5037	0.000595593
AP-11161	2819	5	5037	0.000992654
AP-11161	2820	2	5037	0.000397062
AP-11161	2821	5	5037	0.000992654
AP-11161	2824	3	5037	0.000595593
AP-11161	2825	2	5037	0.000397062
AP-11161	2826	1	5037	0.000198531
AP-11161	2828	3	5037	0.000595593
AP-11161	2829	1	5037	0.000198531
AP-11161	2830	2	5037	0.000397062
AP-11161	2831	1	5037	0.000198531
AP-11161	2832	2	5037	0.000397062
AP-11161	2833	2	5037	0.000397062
AP-11161	2834	3	5037	0.000595593
AP-11161	2836	1	5037	0.000198531
AP-11161	2841	1	5037	0.000198531
AP-11161	2842	1	5037	0.000198531
AP-11161	2844	1	5037	0.000198531
genome	737	1	5037	0.000198531
genome	1000	1	5037	0.000198531
genome	1094	1	5037	0.000198531
genome	1099	1	5037	0.000198531
genome	1132	1	5037	0.000198531
genome	1141	1	5037	0.000198531
genome	1146	1	5037	0.000198531
genome	1150	1	5037	0.000198531
genome	1152	1	5037	0.000198531
genome	1156	1	5037	0.000198531
genome	1157	1	5037	0.000198531
genome	1160	1	5037	0.000198531
genome	1170	1	5037	0.000198531
genome	1172	1	5037	0.000198531
genome	1173	1	5037	0.000198531
genome	1174	1	5037	0.000198531
genome	1177	2	5037	0.000397062
genome	1178	1	5037	0.000198531
genome	1188	1	5037	0.000198531
genome	1189	1	5037	0.000198531
genome	1190	1	5037	0.000198531
genome	1195	2	5037	0.000397062
genome	1197	1	5037	0.000198531
genome	1200	2	5037	0.000397062
genome	1201	1	5037	0.000198531
genome	1204	1	5037	0.000198531
genome	1206	1	5037	0.000198531
genome	1208	1	5037	0.000198531
genome	1210	1	5037	0.000198531
genome	1212	1	5037	0.000198531
genome	1213	1	5037	0.000198531
genome	1214	1	5037	0.000198531
genome	1215	2	5037	0.000397062
genome	1217	1	5037	0.000198531
genome	1218	1	5037	0.000198531
genome	1221	1	5037	0.000198531
genome	1222	2	5037	0.000397062
genome	1225	1	5037	0.000198531
genome	1226	1	5037	0.000198531
genome	1231	1	5037	0.000198531
genome	1232	1	5037	0.000198531
genome	1233	1	5037	0.000198531
genome	1236	3	5037	0.000595593
genome	1239	1	5037	0.000198531
genome	1240	2	5037	0.000397062
genome	1241	1	5037	0.000198531
genome	1247	1	5037	0.000198531
genome	1257	1	5037	0.000198531
genome	1262	1	5037	0.000198531
genome	1265	1	5037	0.000198531
genome	1266	1	5037	0.000198531
genome	1267	1	5037	0.000198531
genome	1268	2	5037	0.000397062
genome	1269	2	5037	0.000397062
genome	1270	1	5037	0.000198531
genome	1271	3	5037	0.000595593
genome	1272	2	5037	0.000397062
genome	1283	1	5037	0.000198531
genome	1284	1	5037	0.000198531
genome	1288	1	5037	0.000198531
genome	1290	1	5037	0.000198531
genome	1293	1	5037	0.000198531
genome	1294	1	5037	0.000198531
genome	1297	1	5037	0.000198531
genome	1299	1	5037	0.000198531
genome	1304	1	5037	0.000198531
genome	1306	1	5037	0.000198531
genome	1311	1	5037	0.000198531
genome	1312	1	5037	0.000198531
genome	1327	1	5037	0.000198531
genome	1331	1	5037	0.000198531
genome	1334	1	5037	0.000198531
genome	1335	1	5037	0.000198531
genome	1340	2	5037	0.000397062
genome	1341	1	5037	0.000198531
genome	1347	1	5037	0.000198531
genome	1348	1	5037	0.000198531
genome	1349	2	5037	0.000397062
genome	1352	1	5037	0.000198531
genome	1354	1	5037	0.000198531
genome	1355	1	5037	0.000198531
genome	1363	1	5037	0.000198531
genome	1364	1	5037	0.000198531
genome	1366	1	5037	0.000198531
genome	1367	1	5037	0.000198531
genome	1374	1	5037	0.000198531
genome	1375	1	5037	0.000198531
genome	1376	1	5037	0.000198531
genome	1377	1	5037	0.000198531
genome	1382	1	5037	0.000198531
genome	1384	2	5037	0.000397062
genome	1388	1	5037	0.000198531
genome	1389	1	5037	0.000198531
genome	1391	1	5037	0.000198531
genome	1392	1	5037	0.000198531
genome	1395	1	5037	0.000198531
genome	1396	2	5037	0.000397062
genome	1400	1	5037	0.000198531
genome	1401	1	5037	0.000198531
genome	1408	2	5037	0.000397062
genome	1409	1	5037	0.000198531
genome	1410	1	5037	0.000198531
genome	1412	1	5037	0.000198531
genome	1413	2	5037	0.000397062
genome	1418	1	5037	0.000198531
genome	1421	1	5037	0.000198531
genome	1422	1	5037	0.000198531
genome	1423	1	5037	0.000198531
genome	1426	1	5037	0.000198531
genome	1430	2	5037	0.000397062
genome	1433	1	5037	0.000198531
genome	1435	1	5037	0.000198531
genome	1437	1	5037	0.000198531
genome	1438	1	5037	0.000198531
genome	1439	1	5037	0.000198531
genome	1441	1	5037	0.000198531
genome	1442	2	5037	0.000397062
genome	1444	1	5037	0.000198531
genome	1445	1	5037	0.000198531
genome	1446	1	5037	0.000198531
genome	1447	1	5037	0.000198531
genome	1449	1	5037	0.000198531
genome	1450	4	5037	0.000794124
genome	1452	1	5037	0.000198531
genome	1453	1	5037	0.000198531
genome	1454	1	5037	0.000198531
genome	1455	3	5037	0.000595593
genome	1456	1	5037	0.000198531
genome	1457	1	5037	0.000198531
genome	1458	2	5037	0.000397062
genome	1460	1	5037	0.000198531
genome	1461	1	5037	0.000198531
genome	1462	3	5037	0.000595593
genome	1463	2	5037	0.000397062
genome	1464	1	5037	0.000198531
genome	1465	3	5037	0.000595593
genome	1466	1	5037	0.000198531
genome	1467	1	5037	0.000198531
genome	1468	1	5037	0.000198531
genome	1469	1	5037	0.000198531
genome	1472	1	5037	0.000198531
genome	1474	1	5037	0.000198531
genome	1475	5	5037	0.000992654
genome	1477	1	5037	0.000198531
genome	1478	1	5037	0.000198531
genome	1479	2	5037	0.000397062
genome	1480	3	5037	0.000595593
genome	1481	3	5037	0.000595593
genome	1482	3	5037	0.000595593
genome	1483	2	5037	0.000397062
genome	1485	1	5037	0.000198531
genome	1486	2	5037	0.000397062
genome	1487	2	5037	0.000397062
genome	1488	2	5037	0.000397062
genome	1489	2	5037	0.000397062
genome	1490	1	5037	0.000198531
genome	1492	3	5037	0.000595593
genome	1493	2	5037	0.000397062
genome	1494	1	5037	0.000198531
genome	1495	2	5037	0.000397062
genome	1496	1	5037	0.000198531
genome	1497	1	5037	0.000198531
genome	1498	3	5037	0.000595593
genome	1500	3	5037	0.000595593
genome	1502	4	5037	0.000794124
genome	1503	1	5037	0.000198531
genome	1504	1	5037	0.000198531
genome	1505	1	5037	0.000198531
genome	1506	1	5037	0.000198531
genome	1507	1	5037	0.000198531
genome	1508	1	5037	0.000198531
genome	1510	4	5037	0.000794124
genome	1512	2	5037	0.000397062
genome	1513	1	5037	0.000198531
genome	1514	6	5037	0.00119119
genome	1516	2	5037	0.000397062
genome	1517	6	5037	0.00119119
genome	1519	4	5037	0.000794124
genome	1521	1	5037	0.000198531
genome	1522	3	5037	0.000595593
genome	1523	3	5037	0.000595593
genome	1524	5	5037	0.000992654
genome	1525	4	5037	0.000794124
genome	1526	4	5037	0.000794124
genome	1527	1	5037	0.000198531
genome	1528	1	5037	0.000198531
genome	1529	1	5037	0.000198531
genome	1530	5	5037	0.000992654
genome	1531	4	5037	0.000794124
genome	1532	1	5037	0.000198531
genome	1535	2	5037	0.000397062
genome	1536	2	5037	0.000397062
genome	1538	2	5037	0.000397062
genome	1539	4	5037	0.000794124
genome	1540	1	5037	0.000198531
genome	1542	2	5037	0.000397062
genome	1543	2	5037	0.000397062
genome	1544	4	5037	0.000794124
genome	1545	3	5037	0.000595593
genome	1546	1	5037	0.000198531
genome	1547	1	5037	0.000198531
genome	1548	2	5037	0.000397062
genome	1549	1	5037	0.000198531
genome	1551	2	5037	0.000397062
genome	1552	2	5037	0.000397062
genome	1553	1	5037	0.000198531
genome	1554	5	5037	0.000992654
genome	1555	4	5037	0.000794124
genome	1556	4	5037	0.000794124
genome	1557	2	5037	0.000397062
genome	1558	4	5037	0.000794124
genome	1559	5	5037	0.000992654
genome	1560	7	5037	0.00138972
genome	1561	1	5037	0.000198531
genome	1562	3	5037	0.000595593
genome	1563	8	5037	0.00158825
genome	1564	3	5037	0.000595593
genome	1565	2	5037	0.000397062
genome	1566	6	5037	0.00119119
genome	1567	1	5037	0.000198531
genome	1568	3	5037	0.000595593
genome	1570	4	5037	0.000794124
genome	1571	3	5037	0.000595593
genome	1572	1	5037	0.000198531
genome	1573	2	5037	0.000397062
genome	1574	1	5037	0.000198531
genome	1576	1	5037	0.000198531
genome	1577	2	5037	0.000397062
genome	1578	3	5037	0.000595593
genome	1581	3	5037	0.000595593
genome	1582	3	5037	0.000595593
genome	1583	2	5037	0.000397062
genome	1586	5	5037	0.000992654
genome	1587	3	5037	0.000595593
genome	1588	2	5037	0.000397062
genome	1589	1	5037	0.000198531
genome	1590	4	5037	0.000794124
genome	1591	3	5037	0.000595593
genome	1594	2	5037	0.000397062
genome	1595	2	5037	0.000397062
genome	1596	1	5037	0.000198531
genome	1597	4	5037	0.000794124
genome	1598	2	5037	0.000397062
genome	1599	3	5037	0.000595593
genome	1600	4	5037	0.000794124
genome	1601	1	5037	0.000198531
genome	1602	1	5037	0.000198531
genome	1603	1	5037	0.000198531
genome	1604	1	5037	0.000198531
genome	1605	1	5037	0.000198531
genome	1606	2	5037	0.000397062
genome	1607	3	5037	0.000595593
genome	1608	3	5037	0.000595593
genome	1609	1	5037	0.000198531
genome	1610	3	5037	0.000595593
genome	1611	2	5037	0.000397062
genome	1612	2	5037	0.000397062
genome	1613	2	5037	0.000397062
genome	1614	3	5037	0.000595593
genome	1615	1	5037	0.000198531
genome	1616	2	5037	0.000397062
genome	1617	2	5037	0.000397062
genome	1618	4	5037	0.000794124
genome	1620	2	5037	0.000397062
genome	1623	1	5037	0.000198531
genome	1626	5	5037	0.000992654
genome	1627	3	5037	0.000595593
genome	1629	2	5037	0.000397062
genome	1630	1	5037	0.000198531
genome	1632	2	5037	0.000397062
genome	1633	2	5037	0.000397062
genome	1634	1	5037	0.000198531
genome	1635	1	5037	0.000198531
genome	1636	2	5037	0.000397062
genome	1637	2	5037	0.000397062
genome	1639	1	5037	0.000198531
genome	1640	1	5037	0.000198531
genome	1642	1	5037	0.000198531
genome	1643	2	5037	0.000397062
genome	1644	3	5037	0.000595593
genome	1645	1	5037	0.000198531
genome	1646	2	5037	0.000397062
genome	1648	1	5037	0.000198531
genome	1649	1	5037	0.000198531
genome	1650	5	5037	0.000992654
genome	1654	2	5037	0.000397062
genome	1657	1	5037	0.000198531
genome	1658	1	5037	0.000198531
genome	1659	1	5037	0.000198531
genome	1660	4	5037	0.000794124
genome	1661	2	5037	0.000397062
genome	1663	2	5037	0.000397062
genome	1664	1	5037	0.000198531
genome	1665	1	5037	0.000198531
genome	1666	1	5037	0.000198531
genome	1671	1	5037	0.000198531
genome	1672	1	5037	0.000198531
genome	1673	1	5037	0.000198531
genome	1675	1	5037	0.000198531
genome	1677	2	5037	0.000397062
genome	1680	4	5037	0.000794124
genome	1681	1	5037	0.000198531
genome	1682	2	5037	0.000397062
genome	1683	1	5037	0.000198531
genome	1684	1	5037	0.000198531
genome	1685	2	5037	0.000397062
genome	1687	2	5037	0.000397062
genome	1688	1	5037	0.000198531
genome	1689	2	5037	0.000397062
genome	1690	3	5037	0.000595593
genome	1691	2	5037	0.000397062
genome	1692	1	5037	0.000198531
genome	1694	3	5037	0.000595593
genome	1696	4	5037	0.000794124
genome	1697	1	5037	0.000198531
genome	1698	1	5037	0.000198531
genome	1699	2	5037	0.000397062
genome	1700	4	5037	0.000794124
genome	1701	2	5037	0.000397062
genome	1702	3	5037	0.000595593
genome	1703	4	5037	0.000794124
genome	1704	4	5037	0.000794124
genome	1705	1	5037	0.000198531
genome	1707	2	5037	0.000397062
genome	1708	2	5037	0.000397062
genome	1710	3	5037	0.000595593
genome	1711	3	5037	0.000595593
genome	1712	4	5037	0.000794124
genome	1713	2	5037	0.000397062
genome	1714	2	5037	0.000397062
genome	1715	1	5037	0.000198531
genome	1716	2	5037	0.000397062
genome	1717	1	5037	0.000198531
genome	1718	2	5037	0.000397062
genome	1719	1	5037	0.000198531
genome	1722	1	5037	0.000198531
genome	1723	1	5037	0.000198531
genome	1724	2	5037	0.000397062
genome	1725	1	5037	0.000198531
genome	1726	2	5037	0.000397062
genome	1727	1	5037	0.000198531
genome	1728	1	5037	0.000198531
genome	1730	1	5037	0.000198531
genome	1731	4	5037	0.000794124
genome	1732	1	5037	0.000198531
genome	1733	4	5037	0.000794124
genome	1734	2	5037	0.000397062
genome	1735	2	5037	0.000397062
genome	1736	2	5037	0.000397062
genome	1737	3	5037	0.000595593
genome	1738	2	5037	0.000397062
genome	1739	4	5037	0.000794124
genome	1740	3	5037	0.000595593
genome	1741	5	5037	0.000992654
genome	1742	3	5037	0.000595593
genome	1743	4	5037	0.000794124
genome	1744	5	5037	0.000992654
genome	1745	6	5037	0.00119119
genome	1746	3	5037	0.000595593
genome	1748	3	5037	0.000595593
genome	1749	1	5037	0.000198531
genome	1751	1	5037	0.000198531
genome	1752	1	5037	0.000198531
genome	1753	3	5037	0.000595593
genome	1754	2	5037	0.000397062
genome	1756	2	5037	0.000397062
genome	1757	3	5037	0.000595593
genome	1758	3	5037	0.000595593
genome	1759	2	5037	0.000397062
genome	1760	4	5037	0.000794124
genome	1761	3	5037	0.000595593
genome	1762	1	5037	0.000198531
genome	1763	2	5037	0.000397062
genome	1764	3	5037	0.000595593
genome	1767	1	5037	0.000198531
genome	1768	1	5037	0.000198531
genome	1769	1	5037	0.000198531
genome	1770	1	5037	0.000198531
genome	1771	1	5037	0.000198531
genome	1773	1	5037	0.000198531
genome	1775	1	5037	0.000198531
genome	1777	2	5037	0.000397062
genome	1780	1	5037	0.000198531
genome	1781	1	5037	0.000198531
genome	1782	1	5037	0.000198531
genome	1783	1	5037	0.000198531
genome	1784	1	5037	0.000198531
genome	1785	2	5037	0.000397062
genome	1786	2	5037	0.000397062
genome	1788	2	5037	0.000397062
genome	1791	1	5037	0.000198531
genome	1792	3	5037	0.000595593
genome	1794	6	5037	0.00119119
genome	1795	1	5037	0.000198531
genome	1796	2	5037	0.000397062
genome	1797	1	5037	0.000198531
genome	1799	2	5037	0.000397062
genome	1800	2	5037	0.000397062
genome	1802	2	5037	0.000397062
genome	1803	2	5037	0.000397062
genome	1804	1	5037	0.000198531
genome	1805	1	5037	0.000198531
genome	1806	1	5037	0.000198531
genome	1807	2	5037	0.000397062
genome	1808	4	5037	0.000794124
genome	1809	1	5037	0.000198531
genome	1810	4	5037	0.000794124
genome	1811	2	5037	0.000397062
genome	1813	1	5037	0.000198531
genome	1814	2	5037	0.000397062
genome	1815	3	5037	0.000595593
genome	1816	1	5037	0.000198531
genome	1817	2	5037	0.000397062
genome	1819	1	5037	0.000198531
genome	1820	2	5037	0.000397062
genome	1821	1	5037	0.000198531
genome	1822	2	5037	0.000397062
genome	1823	1	5037	0.000198531
genome	1824	2	5037	0.000397062
genome	1826	1	5037	0.000198531
genome	1827	1	5037	0.000198531
genome	1830	2	5037	0.000397062
genome	1831	2	5037	0.000397062
genome	1832	2	5037	0.000397062
genome	1833	2	5037	0.000397062
genome	1834	1	5037	0.000198531
genome	1835	3	5037	0.000595593
genome	1836	2	5037	0.000397062
genome	1837	3	5037	0.000595593
genome	1839	1	5037	0.000198531
genome	1840	2	5037	0.000397062
genome	1841	1	5037	0.000198531
genome	1842	1	5037	0.000198531
genome	1843	3	5037	0.000595593
genome	1844	3	5037	0.000595593
genome	1845	2	5037	0.000397062
genome	1846	2	5037	0.000397062
genome	1847	2	5037	0.000397062
genome	1848	3	5037	0.000595593
genome	1849	1	5037	0.000198531
genome	1850	4	5037	0.000794124
genome	1851	4	5037	0.000794124
genome	1852	3	5037	0.000595593
genome	1853	6	5037	0.00119119
genome	1854	5	5037	0.000992654
genome	1855	1	5037	0.000198531
genome	1856	5	5037	0.000992654
genome	1857	4	5037	0.000794124
genome	1858	8	5037	0.00158825
genome	1859	3	5037	0.000595593
genome	1860	4	5037	0.000794124
genome	1861	7	5037	0.00138972
genome	1862	6	5037	0.00119119
genome	1863	5	5037	0.000992654
genome	1864	2	5037	0.000397062
genome	1865	2	5037	0.000397062
genome	1866	4	5037	0.000794124
genome	1867	3	5037	0.000595593
genome	1868	5	5037	0.000992654
genome	1869	2	5037	0.000397062
genome	1870	6	5037	0.00119119
genome	1871	3	5037	0.000595593
genome	1872	4	5037	0.000794124
genome	1873	4	5037	0.000794124
genome	1874	4	5037	0.000794124
genome	1875	7	5037	0.00138972
genome	1876	4	5037	0.000794124
genome	1878	7	5037	0.00138972
genome	1879	2	5037	0.000397062
genome	1880	5	5037	0.000992654
genome	1881	4	5037	0.000794124
genome	1882	3	5037	0.000595593
genome	1883	8	5037	0.00158825
genome	1884	4	5037	0.000794124
genome	1885	1	5037	0.000198531
genome	1886	2	5037	0.000397062
genome	1887	1	5037	0.000198531
genome	1891	2	5037	0.000397062
genome	1892	2	5037	0.000397062
genome	1893	1	5037	0.000198531
genome	1894	5	5037	0.000992654
genome	1895	3	5037	0.000595593
genome	1896	2	5037	0.000397062
genome	1897	1	5037	0.000198531
genome	1901	1	5037	0.000198531
genome	1902	4	5037	0.000794124
genome	1903	1	5037	0.000198531
genome	1907	2	5037	0.000397062
genome	1908	2	5037	0.000397062
genome	1909	2	5037	0.000397062
genome	1910	2	5037	0.000397062
genome	1913	1	5037	0.000198531
genome	1914	2	5037	0.000397062
genome	1915	1	5037	0.000198531
genome	1916	1	5037	0.000198531
genome	1917	1	5037	0.000198531
genome	1918	2	5037	0.000397062
genome	1919	2	5037	0.000397062
genome	1920	2	5037	0.000397062
genome	1921	3	5037	0.000595593
genome	1922	2	5037	0.000397062
genome	1923	2	5037	0.000397062
genome	1924	4	5037	0.000794124
genome	1925	4	5037	0.000794124
genome	1926	2	5037	0.000397062
genome	1927	1	5037	0.000198531
genome	1928	1	5037	0.000198531
genome	1929	2	5037	0.000397062
genome	1930	5	5037	0.000992654
genome	1931	2	5037	0.000397062
genome	1932	5	5037	0.000992654
genome	1933	5	5037	0.000992654
genome	1934	5	5037	0.000992654
genome	1935	3	5037	0.000595593
genome	1936	3	5037	0.000595593
genome	1937	4	5037	0.000794124
genome	1938	3	5037	0.000595593
genome	1939	1	5037	0.000198531
genome	1940	5	5037	0.000992654
genome	1941	3	5037	0.000595593
genome	1943	2	5037	0.000397062
genome	1944	4	5037	0.000794124
genome	1946	1	5037	0.000198531
genome	1948	3	5037	0.000595593
genome	1949	2	5037	0.000397062
genome	1950	6	5037	0.00119119
genome	1951	1	5037	0.000198531
genome	1952	2	5037	0.000397062
genome	1953	2	5037	0.000397062
genome	1954	3	5037	0.000595593
genome	1955	1	5037	0.000198531
genome	1956	3	5037	0.000595593
genome	1957	1	5037	0.000198531
genome	1960	1	5037	0.000198531
genome	1962	2	5037	0.000397062
genome	1963	2	5037	0.000397062
genome	1964	1	5037	0.000198531
genome	1965	3	5037	0.000595593
genome	1967	3	5037	0.000595593
genome	1968	1	5037	0.000198531
genome	1970	1	5037	0.000198531
genome	1971	2	5037	0.000397062
genome	1972	2	5037	0.000397062
genome	1974	3	5037	0.000595593
genome	1975	1	5037	0.000198531
genome	1976	5	5037	0.000992654
genome	1977	1	5037	0.000198531
genome	1978	4	5037	0.000794124
genome	1979	2	5037	0.000397062
genome	1980	3	5037	0.000595593
genome	1981	5	5037	0.000992654
genome	1982	4	5037	0.000794124
genome	1984	5	5037	0.000992654
genome	1985	3	5037	0.000595593
genome	1986	6	5037	0.00119119
genome	1987	7	5037	0.00138972
genome	1988	3	5037	0.000595593
genome	1989	3	5037	0.000595593
genome	1991	4	5037	0.000794124
genome	1992	6	5037	0.00119119
genome	1993	5	5037	0.000992654
genome	1994	4	5037	0.000794124
genome	1995	3	5037	0.000595593
genome	1996	3	5037	0.000595593
genome	1997	2	5037	0.000397062
genome	1998	4	5037	0.000794124
genome	1999	5	5037	0.000992654
genome	2002	3	5037	0.000595593
genome	2003	1	5037	0.000198531
genome	2004	1	5037	0.000198531
genome	2005	7	5037	0.00138972
genome	2006	3	5037	0.000595593
genome	2007	3	5037	0.000595593
genome	2008	3	5037	0.000595593
genome	2009	4	5037	0.000794124
genome	2010	3	5037	0.000595593
genome	2011	4	5037	0.000794124
genome	2012	2	5037	0.000397062
genome	2013	4	5037	0.000794124
genome	2014	6	5037	0.00119119
genome	2015	4	5037	0.000794124
genome	2016	4	5037	0.000794124
genome	2017	4	5037	0.000794124
genome	2018	4	5037	0.000794124
genome	2019	1	5037	0.000198531
genome	2020	7	5037	0.00138972
genome	2021	2	5037	0.000397062
genome	2022	8	5037	0.00158825
genome	2023	8	5037	0.00158825
genome	2025	3	5037	0.000595593
genome	2026	2	5037	0.000397062
genome	2027	5	5037	0.000992654
genome	2028	4	5037	0.000794124
genome	2029	5	5037	0.000992654
genome	2030	6	5037	0.00119119
genome	2031	2	5037	0.000397062
genome	2032	2	5037	0.000397062
genome	2033	2	5037	0.000397062
genome	2035	2	5037	0.000397062
genome	2036	5	5037	0.000992654
genome	2037	1	5037	0.000198531
genome	2038	6	5037	0.00119119
genome	2039	5	5037	0.000992654
genome	2040	4	5037	0.000794124
genome	2041	3	5037	0.000595593
genome	2042	2	5037	0.000397062
genome	2043	7	5037	0.00138972
genome	2044	1	5037	0.000198531
genome	2045	4	5037	0.000794124
genome	2046	4	5037	0.000794124
genome	2047	4	5037	0.000794124
genome	2048	4	5037	0.000794124
genome	2049	5	5037	0.000992654
genome	2050	5	5037	0.000992654
genome	2051	4	5037	0.000794124
genome	2052	3	5037	0.000595593
genome	2053	6	5037	0.00119119
genome	2054	5	5037	0.000992654
genome	2055	7	5037	0.00138972
genome	2056	4	5037	0.000794124
genome	2057	3	5037	0.000595593
genome	2058	4	5037	0.000794124
genome	2059	6	5037	0.00119119
genome	2060	5	5037	0.000992654
genome	2061	1	5037	0.000198531
genome	2062	4	5037	0.000794124
genome	2063	4	5037	0.000794124
genome	2064	5	5037	0.000992654
genome	2065	2	5037	0.000397062
genome	2066	6	5037	0.00119119
genome	2067	3	5037	0.000595593
genome	2068	1	5037	0.000198531
genome	2069	3	5037	0.000595593
genome	2070	2	5037	0.000397062
genome	2071	3	5037	0.000595593
genome	2072	3	5037	0.000595593
genome	2074	4	5037	0.000794124
genome	2075	3	5037	0.000595593
genome	2076	5	5037	0.000992654
genome	2077	2	5037	0.000397062
genome	2078	1	5037	0.000198531
genome	2079	2	5037	0.000397062
genome	2080	5	5037	0.000992654
genome	2081	4	5037	0.000794124
genome	2082	1	5037	0.000198531
genome	2083	4	5037	0.000794124
genome	2084	3	5037	0.000595593
genome	2085	2	5037	0.000397062
genome	2086	3	5037	0.000595593
genome	2087	4	5037	0.000794124
genome	2088	3	5037	0.000595593
genome	2089	4	5037	0.000794124
genome	2091	3	5037	0.000595593
genome	2092	4	5037	0.000794124
genome	2093	3	5037	0.000595593
genome	2094	1	5037	0.000198531
genome	2095	2	5037	0.000397062
genome	2096	1	5037	0.000198531
genome	2097	2	5037	0.000397062
genome	2098	4	5037	0.000794124
genome	2099	1	5037	0.000198531
genome	2100	1	5037	0.000198531
genome	2101	2	5037	0.000397062
genome	2102	3	5037	0.000595593
genome	2103	2	5037	0.000397062
genome	2104	4	5037	0.000794124
genome	2105	2	5037	0.000397062
genome	2106	2	5037	0.000397062
genome	2107	2	5037	0.000397062
genome	2108	1	5037	0.000198531
genome	2109	5	5037	0.000992654
genome	2110	5	5037	0.000992654
genome	2111	10	5037	0.00198531
genome	2112	5	5037	0.000992654
genome	2113	2	5037	0.000397062
genome	2114	2	5037	0.000397062
genome	2115	4	5037	0.000794124
genome	2116	6	5037	0.00119119
genome	2117	3	5037	0.000595593
genome	2118	1	5037	0.000198531
genome	2119	4	5037	0.000794124
genome	2120	1	5037	0.000198531
genome	2121	3	5037	0.000595593
genome	2122	3	5037	0.000595593
genome	2123	2	5037	0.000397062
genome	2124	3	5037	0.000595593
genome	2125	4	5037	0.000794124
genome	2126	5	5037	0.000992654
genome	2127	7	5037	0.00138972
genome	2128	6	5037	0.00119119
genome	2129	4	5037	0.000794124
genome	2130	8	5037	0.00158825
genome	2131	5	5037	0.000992654
genome	2132	5	5037	0.000992654
genome	2133	7	5037	0.00138972
genome	2134	10	5037	0.00198531
genome	2135	6	5037	0.00119119
genome	2136	7	5037	0.00138972
genome	2137	5	5037	0.000992654
genome	2138	13	5037	0.0025809
genome	2139	5	5037	0.000992654
genome	2140	10	5037	0.00198531
genome	2141	12	5037	0.00238237
genome	2142	5	5037	0.000992654
genome	2143	6	5037	0.00119119
genome	2144	9	5037	0.00178678
genome	2145	6	5037	0.00119119
genome	2146	6	5037	0.00119119
genome	2147	6	5037	0.00119119
genome	2148	7	5037	0.00138972
genome	2149	13	5037	0.0025809
genome	2150	4	5037	0.000794124
genome	2151	3	5037	0.000595593
genome	2152	10	5037	0.00198531
genome	2153	2	5037	0.000397062
genome	2154	4	5037	0.000794124
genome	2155	5	5037	0.000992654
genome	2156	5	5037	0.000992654
genome	2157	3	5037	0.000595593
genome	2158	5	5037	0.000992654
genome	2159	4	5037	0.000794124
genome	2160	4	5037	0.000794124
genome	2161	9	5037	0.00178678
genome	2162	1	5037	0.000198531
genome	2163	1	5037	0.000198531
genome	2164	1	5037	0.000198531
genome	2165	4	5037	0.000794124
genome	2166	2	5037	0.000397062
genome	2167	2	5037	0.000397062
genome	2168	3	5037	0.000595593
genome	2169	2	5037	0.000397062
genome	2172	1	5037	0.000198531
genome	2173	3	5037	0.000595593
genome	2174	2	5037	0.000397062
genome	2175	2	5037	0.000397062
genome	2176	1	5037	0.000198531
genome	2177	2	5037	0.000397062
genome	2178	3	5037	0.000595593
genome	2179	1	5037	0.000198531
genome	2180	2	5037	0.000397062
genome	2181	1	5037	0.000198531
genome	2182	4	5037	0.000794124
genome	2183	4	5037	0.000794124
genome	2185	6	5037	0.00119119
genome	2186	9	5037	0.00178678
genome	2187	3	5037	0.000595593
genome	2188	3	5037	0.000595593
genome	2189	6	5037	0.00119119
genome	2190	4	5037	0.000794124
genome	2192	3	5037	0.000595593
genome	2193	3	5037	0.000595593
genome	2194	2	5037	0.000397062
genome	2195	5	5037	0.000992654
genome	2196	3	5037	0.000595593
genome	2197	4	5037	0.000794124
genome	2198	8	5037	0.00158825
genome	2199	6	5037	0.00119119
genome	2200	5	5037	0.000992654
genome	2201	2	5037	0.000397062
genome	2202	1	5037	0.000198531
genome	2203	5	5037	0.000992654
genome	2204	7	5037	0.00138972
genome	2205	3	5037	0.000595593
genome	2206	6	5037	0.00119119
genome	2207	3	5037	0.000595593
genome	2208	1	5037	0.000198531
genome	2209	7	5037	0.00138972
genome	2210	1	5037	0.000198531
genome	2211	1	5037	0.000198531
genome	2212	3	5037	0.000595593
genome	2213	3	5037	0.000595593
genome	2214	1	5037	0.000198531
genome	2215	6	5037	0.00119119
genome	2216	5	5037	0.000992654
genome	2217	2	5037	0.000397062
genome	2218	4	5037	0.000794124
genome	2219	5	5037	0.000992654
genome	2220	9	5037	0.00178678
genome	2221	1	5037	0.000198531
genome	2222	1	5037	0.000198531
genome	2223	5	5037	0.000992654
genome	2224	3	5037	0.000595593
genome	2225	4	5037	0.000794124
genome	2226	5	5037	0.000992654
genome	2227	6	5037	0.00119119
genome	2228	7	5037	0.00138972
genome	2229	6	5037	0.00119119
genome	2230	2	5037	0.000397062
genome	2231	8	5037	0.00158825
genome	2232	5	5037	0.000992654
genome	2233	5	5037	0.000992654
genome	2234	6	5037	0.00119119
genome	2235	7	5037	0.00138972
genome	2236	8	5037	0.00158825
genome	2237	3	5037	0.000595593
genome	2238	2	5037	0.000397062
genome	2239	9	5037	0.00178678
genome	2240	5	5037	0.000992654
genome	2241	4	5037	0.000794124
genome	2242	3	5037	0.000595593
genome	2243	7	5037	0.00138972
genome	2244	2	5037	0.000397062
genome	2245	3	5037	0.000595593
genome	2246	7	5037	0.00138972
genome	2247	6	5037	0.00119119
genome	2248	4	5037	0.000794124
genome	2249	5	5037	0.000992654
genome	2250	8	5037	0.00158825
genome	2251	1	5037	0.000198531
genome	2252	4	5037	0.000794124
genome	2253	3	5037	0.000595593
genome	2254	4	5037	0.000794124
genome	2255	5	5037	0.000992654
genome	2256	2	5037	0.000397062
genome	2257	2	5037	0.000397062
genome	2258	1	5037	0.000198531
genome	2259	4	5037	0.000794124
genome	2260	2	5037	0.000397062
genome	2261	4	5037	0.000794124
genome	2262	3	5037	0.000595593
genome	2263	4	5037	0.000794124
genome	2264	3	5037	0.000595593
genome	2265	2	5037	0.000397062
genome	2266	1	5037	0.000198531
genome	2267	4	5037	0.000794124
genome	2268	2	5037	0.000397062
genome	2269	4	5037	0.000794124
genome	2270	1	5037	0.000198531
genome	2271	4	5037	0.000794124
genome	2273	6	5037	0.00119119
genome	2274	5	5037	0.000992654
genome	2275	7	5037	0.00138972
genome	2276	2	5037	0.000397062
genome	2277	3	5037	0.000595593
genome	2278	2	5037	0.000397062
genome	2279	7	5037	0.00138972
genome	2280	3	5037	0.000595593
genome	2281	4	5037	0.000794124
genome	2282	4	5037	0.000794124
genome	2283	4	5037	0.000794124
genome	2284	6	5037	0.00119119
genome	2285	5	5037	0.000992654
genome	2286	3	5037	0.000595593
genome	2287	4	5037	0.000794124
genome	2288	8	5037	0.00158825
genome	2289	8	5037	0.00158825
genome	2290	5	5037	0.000992654
genome	2291	2	5037	0.000397062
genome	2292	4	5037	0.000794124
genome	2293	2	5037	0.000397062
genome	2294	5	5037	0.000992654
genome	2295	5	5037	0.000992654
genome	2296	6	5037	0.00119119
genome	2297	4	5037	0.000794124
genome	2298	5	5037	0.000992654
genome	2299	9	5037	0.00178678
genome	2300	7	5037	0.00138972
genome	2301	5	5037	0.000992654
genome	2302	3	5037	0.000595593
genome	2303	6	5037	0.00119119
genome	2304	6	5037	0.00119119
genome	2305	8	5037	0.00158825
genome	2306	6	5037	0.00119119
genome	2307	2	5037	0.000397062
genome	2308	5	5037	0.000992654
genome	2309	2	5037	0.000397062
genome	2310	5	5037	0.000992654
genome	2311	4	5037	0.000794124
genome	2312	4	5037	0.000794124
genome	2313	3	5037	0.000595593
genome	2314	2	5037	0.000397062
genome	2315	3	5037	0.000595593
genome	2316	3	5037	0.000595593
genome	2317	7	5037	0.00138972
genome	2318	4	5037	0.000794124
genome	2319	5	5037	0.000992654
genome	2320	5	5037	0.000992654
genome	2321	2	5037	0.000397062
genome	2322	7	5037	0.00138972
genome	2323	4	5037	0.000794124
genome	2324	1	5037	0.000198531
genome	2325	5	5037	0.000992654
genome	2326	6	5037	0.00119119
genome	2327	2	5037	0.000397062
genome	2328	5	5037	0.000992654
genome	2329	11	5037	0.00218384
genome	2330	4	5037	0.000794124
genome	2331	3	5037	0.000595593
genome	2332	9	5037	0.00178678
genome	2333	5	5037	0.000992654
genome	2334	5	5037	0.000992654
genome	2335	7	5037	0.00138972
genome	2336	5	5037	0.000992654
genome	2337	3	5037	0.000595593
genome	2338	6	5037	0.00119119
genome	2339	10	5037	0.00198531
genome	2340	3	5037	0.000595593
genome	2341	5	5037	0.000992654
genome	2342	6	5037	0.00119119
genome	2343	2	5037	0.000397062
genome	2344	4	5037	0.000794124
genome	2345	4	5037	0.000794124
genome	2346	2	5037	0.000397062
genome	2347	3	5037	0.000595593
genome	2348	6	5037	0.00119119
genome	2349	1	5037	0.000198531
genome	2350	3	5037	0.000595593
genome	2351	1	5037	0.000198531
genome	2352	3	5037	0.000595593
genome	2353	5	5037	0.000992654
genome	2354	4	5037	0.000794124
genome	2355	3	5037	0.000595593
genome	2356	4	5037	0.000794124
genome	2357	1	5037	0.000198531
genome	2358	2	5037	0.000397062
genome	2359	6	5037	0.00119119
genome	2360	8	5037	0.00158825
genome	2361	3	5037	0.000595593
genome	2362	3	5037	0.000595593
genome	2363	3	5037	0.000595593
genome	2364	1	5037	0.000198531
genome	2365	2	5037	0.000397062
genome	2366	4	5037	0.000794124
genome	2367	2	5037	0.000397062
genome	2368	3	5037	0.000595593
genome	2369	3	5037	0.000595593
genome	2370	1	5037	0.000198531
genome	2371	1	5037	0.000198531
genome	2372	3	5037	0.000595593
genome	2373	2	5037	0.000397062
genome	2374	2	5037	0.000397062
genome	2375	2	5037	0.000397062
genome	2377	2	5037	0.000397062
genome	2378	2	5037	0.000397062
genome	2379	6	5037	0.00119119
genome	2380	4	5037	0.000794124
genome	2381	2	5037	0.000397062
genome	2382	4	5037	0.000794124
genome	2383	2	5037	0.000397062
genome	2384	3	5037	0.000595593
genome	2385	3	5037	0.000595593
genome	2386	6	5037	0.00119119
genome	2387	3	5037	0.000595593
genome	2388	3	5037	0.000595593
genome	2389	4	5037	0.000794124
genome	2390	3	5037	0.000595593
genome	2391	3	5037	0.000595593
genome	2392	1	5037	0.000198531
genome	2393	1	5037	0.000198531
genome	2394	2	5037	0.000397062
genome	2395	3	5037	0.000595593
genome	2396	4	5037	0.000794124
genome	2398	4	5037	0.000794124
genome	2399	2	5037	0.000397062
genome	2400	3	5037	0.000595593
genome	2401	1	5037	0.000198531
genome	2402	2	5037	0.000397062
genome	2403	1	5037	0.000198531
genome	2404	2	5037	0.000397062
genome	2406	4	5037	0.000794124
genome	2407	3	5037	0.000595593
genome	2408	1	5037	0.000198531
genome	2409	1	5037	0.000198531
genome	2410	4	5037	0.000794124
genome	2411	1	5037	0.000198531
genome	2412	3	5037	0.000595593
genome	2413	2	5037	0.000397062
genome	2414	1	5037	0.000198531
genome	2415	2	5037	0.000397062
genome	2416	1	5037	0.000198531
genome	2417	2	5037	0.000397062
genome	2418	1	5037	0.000198531
genome	2419	4	5037	0.000794124
genome	2420	4	5037	0.000794124
genome	2421	1	5037	0.000198531
genome	2422	4	5037	0.000794124
genome	2423	2	5037	0.000397062
genome	2424	8	5037	0.00158825
genome	2425	4	5037	0.000794124
genome	2426	7	5037	0.00138972
genome	2427	1	5037	0.000198531
genome	2428	5	5037	0.000992654
genome	2429	8	5037	0.00158825
genome	2430	4	5037	0.000794124
genome	2431	8	5037	0.00158825
genome	2432	8	5037	0.00158825
genome	2433	5	5037	0.000992654
genome	2434	4	5037	0.000794124
genome	2435	5	5037	0.000992654
genome	2437	3	5037	0.000595593
genome	2438	1	5037	0.000198531
genome	2439	5	5037	0.000992654
genome	2440	1	5037	0.000198531
genome	2441	1	5037	0.000198531
genome	2442	1	5037	0.000198531
genome	2443	6	5037	0.00119119
genome	2444	4	5037	0.000794124
genome	2445	4	5037	0.000794124
genome	2446	3	5037	0.000595593
genome	2448	2	5037	0.000397062
genome	2450	2	5037	0.000397062
genome	2451	1	5037	0.000198531
genome	2454	6	5037	0.00119119
genome	2455	6	5037	0.00119119
genome	2457	2	5037	0.000397062
genome	2458	2	5037	0.000397062
genome	2459	2	5037	0.000397062
genome	2460	5	5037	0.000992654
genome	2462	3	5037	0.000595593
genome	2463	3	5037	0.000595593
genome	2464	2	5037	0.000397062
genome	2465	1	5037	0.000198531
genome	2466	4	5037	0.000794124
genome	2467	3	5037	0.000595593
genome	2468	2	5037	0.000397062
genome	2469	4	5037	0.000794124
genome	2470	4	5037	0.000794124
genome	2471	3	5037	0.000595593
genome	2472	4	5037	0.000794124
genome	2473	2	5037	0.000397062
genome	2474	3	5037	0.000595593
genome	2475	5	5037	0.000992654
genome	2477	1	5037	0.000198531
genome	2478	2	5037	0.000397062
genome	2479	1	5037	0.000198531
genome	2480	6	5037	0.00119119
genome	2481	3	5037	0.000595593
genome	2483	1	5037	0.000198531
genome	2484	1	5037	0.000198531
genome	2485	7	5037	0.00138972
genome	2486	3	5037	0.000595593
genome	2487	1	5037	0.000198531
genome	2489	1	5037	0.000198531
genome	2490	1	5037	0.000198531
genome	2491	2	5037	0.000397062
genome	2492	6	5037	0.00119119
genome	2493	5	5037	0.000992654
genome	2494	4	5037	0.000794124
genome	2495	3	5037	0.000595593
genome	2496	5	5037	0.000992654
genome	2497	5	5037	0.000992654
genome	2498	3	5037	0.000595593
genome	2499	3	5037	0.000595593
genome	2500	9	5037	0.00178678
genome	2501	7	5037	0.00138972
genome	2502	4	5037	0.000794124
genome	2503	3	5037	0.000595593
genome	2504	5	5037	0.000992654
genome	2505	9	5037	0.00178678
genome	2506	5	5037	0.000992654
genome	2507	4	5037	0.000794124
genome	2508	6	5037	0.00119119
genome	2509	3	5037	0.000595593
genome	2510	6	5037	0.00119119
genome	2511	7	5037	0.00138972
genome	2512	5	5037	0.000992654
genome	2513	10	5037	0.00198531
genome	2514	11	5037	0.00218384
genome	2515	7	5037	0.00138972
genome	2516	4	5037	0.000794124
genome	2517	10	5037	0.00198531
genome	2518	8	5037	0.00158825
genome	2519	5	5037	0.000992654
genome	2520	2	5037	0.000397062
genome	2521	10	5037	0.00198531
genome	2522	8	5037	0.00158825
genome	2523	9	5037	0.00178678
genome	2524	4	5037	0.000794124
genome	2525	8	5037	0.00158825
genome	2526	6	5037	0.00119119
genome	2527	4	5037	0.000794124
genome	2528	1	5037	0.000198531
genome	2529	5	5037	0.000992654
genome	2530	5	5037	0.000992654
genome	2531	5	5037	0.000992654
genome	2532	5	5037	0.000992654
genome	2533	8	5037	0.00158825
genome	2534	5	5037	0.000992654
genome	2535	6	5037	0.00119119
genome	2536	4	5037	0.000794124
genome	2537	5	5037	0.000992654
genome	2538	6	5037	0.00119119
genome	2539	5	5037	0.000992654
genome	2540	5	5037	0.000992654
genome	2541	6	5037	0.00119119
genome	2542	2	5037	0.000397062
genome	2543	8	5037	0.00158825
genome	2544	5	5037	0.000992654
genome	2545	5	5037	0.000992654
genome	2546	5	5037	0.000992654
genome	2547	5	5037	0.000992654
genome	2548	7	5037	0.00138972
genome	2549	1	5037	0.000198531
genome	2550	10	5037	0.00198531
genome	2551	11	5037	0.00218384
genome	2552	4	5037	0.000794124
genome	2553	9	5037	0.00178678
genome	2554	6	5037	0.00119119
genome	2555	6	5037	0.00119119
genome	2556	10	5037	0.00198531
genome	2557	7	5037	0.00138972
genome	2558	11	5037	0.00218384
genome	2559	6	5037	0.00119119
genome	2560	5	5037	0.000992654
genome	2561	12	5037	0.00238237
genome	2562	9	5037	0.00178678
genome	2563	12	5037	0.00238237
genome	2564	9	5037	0.00178678
genome	2565	10	5037	0.00198531
genome	2566	8	5037	0.00158825
genome	2567	16	5037	0.00317649
genome	2568	13	5037	0.0025809
genome	2569	10	5037	0.00198531
genome	2570	9	5037	0.00178678
genome	2571	17	5037	0.00337502
genome	2572	14	5037	0.00277943
genome	2573	8	5037	0.00158825
genome	2574	13	5037	0.0025809
genome	2575	19	5037	0.00377209
genome	2576	11	5037	0.00218384
genome	2577	11	5037	0.00218384
genome	2578	10	5037	0.00198531
genome	2579	11	5037	0.00218384
genome	2580	12	5037	0.00238237
genome	2581	16	5037	0.00317649
genome	2582	9	5037	0.00178678
genome	2583	9	5037	0.00178678
genome	2584	10	5037	0.00198531
genome	2585	4	5037	0.000794124
genome	2586	9	5037	0.00178678
genome	2587	8	5037	0.00158825
genome	2588	5	5037	0.000992654
genome	2589	7	5037	0.00138972
genome	2590	6	5037	0.00119119
genome	2591	7	5037	0.00138972
genome	2592	2	5037	0.000397062
genome	2593	2	5037	0.000397062
genome	2594	4	5037	0.000794124
genome	2595	4	5037	0.000794124
genome	2596	3	5037	0.000595593
genome	2597	5	5037	0.000992654
genome	2598	3	5037	0.000595593
genome	2599	5	5037	0.000992654
genome	2600	6	5037	0.00119119
genome	2601	4	5037	0.000794124
genome	2602	4	5037	0.000794124
genome	2603	5	5037	0.000992654
genome	2604	6	5037	0.00119119
genome	2605	3	5037	0.000595593
genome	2606	9	5037	0.00178678
genome	2607	5	5037	0.000992654
genome	2608	8	5037	0.00158825
genome	2609	5	5037	0.000992654
genome	2610	4	5037	0.000794124
genome	2611	5	5037	0.000992654
genome	2612	8	5037	0.00158825
genome	2613	7	5037	0.00138972
genome	2614	8	5037	0.00158825
genome	2615	10	5037	0.00198531
genome	2616	13	5037	0.0025809
genome	2617	11	5037	0.00218384
genome	2618	6	5037	0.00119119
genome	2619	7	5037	0.00138972
genome	2620	13	5037	0.0025809
genome	2621	7	5037	0.00138972
genome	2622	10	5037	0.00198531
genome	2623	4	5037	0.000794124
genome	2624	7	5037	0.00138972
genome	2625	10	5037	0.00198531
genome	2626	7	5037	0.00138972
genome	2627	6	5037	0.00119119
genome	2628	4	5037	0.000794124
genome	2629	5	5037	0.000992654
genome	2630	9	5037	0.00178678
genome	2631	5	5037	0.000992654
genome	2632	4	5037	0.000794124
genome	2633	7	5037	0.00138972
genome	2634	7	5037	0.00138972
genome	2635	5	5037	0.000992654
genome	2636	7	5037	0.00138972
genome	2637	5	5037	0.000992654
genome	2638	5	5037	0.000992654
genome	2639	6	5037	0.00119119
genome	2640	5	5037	0.000992654
genome	2641	3	5037	0.000595593
genome	2642	7	5037	0.00138972
genome	2643	7	5037	0.00138972
genome	2644	12	5037	0.00238237
genome	2645	3	5037	0.000595593
genome	2646	5	5037	0.000992654
genome	2647	5	5037	0.000992654
genome	2648	6	5037	0.00119119
genome	2649	6	5037	0.00119119
genome	2650	10	5037	0.00198531
genome	2651	3	5037	0.000595593
genome	2652	6	5037	0.00119119
genome	2653	1	5037	0.000198531
genome	2654	5	5037	0.000992654
genome	2655	8	5037	0.00158825
genome	2656	5	5037	0.000992654
genome	2657	5	5037	0.000992654
genome	2658	7	5037	0.00138972
genome	2659	5	5037	0.000992654
genome	2660	10	5037	0.00198531
genome	2661	2	5037	0.000397062
genome	2662	4	5037	0.000794124
genome	2663	5	5037	0.000992654
genome	2664	9	5037	0.00178678
genome	2665	8	5037	0.00158825
genome	2666	8	5037	0.00158825
genome	2667	10	5037	0.00198531
genome	2668	5	5037	0.000992654
genome	2669	7	5037	0.00138972
genome	2670	6	5037	0.00119119
genome	2671	7	5037	0.00138972
genome	2672	11	5037	0.00218384
genome	2673	6	5037	0.00119119
genome	2674	10	5037	0.00198531
genome	2675	8	5037	0.00158825
genome	2676	11	5037	0.00218384
genome	2677	8	5037	0.00158825
genome	2678	6	5037	0.00119119
genome	2679	10	5037	0.00198531
genome	2680	5	5037	0.000992654
genome	2681	9	5037	0.00178678
genome	2682	8	5037	0.00158825
genome	2683	4	5037	0.000794124
genome	2684	11	5037	0.00218384
genome	2685	6	5037	0.00119119
genome	2686	3	5037	0.000595593
genome	2687	5	5037	0.000992654
genome	2688	4	5037	0.000794124
genome	2689	7	5037	0.00138972
genome	2690	6	5037	0.00119119
genome	2691	7	5037	0.00138972
genome	2692	6	5037	0.00119119
genome	2693	7	5037	0.00138972
genome	2694	6	5037	0.00119119
genome	2695	6	5037	0.00119119
genome	2697	6	5037	0.00119119
genome	2698	7	5037	0.00138972
genome	2699	11	5037	0.00218384
genome	2700	6	5037	0.00119119
genome	2701	11	5037	0.00218384
genome	2702	6	5037	0.00119119
genome	2703	8	5037	0.00158825
genome	2704	11	5037	0.00218384
genome	2705	8	5037	0.00158825
genome	2706	4	5037	0.000794124
genome	2707	9	5037	0.00178678
genome	2708	7	5037	0.00138972
genome	2709	4	5037	0.000794124
genome	2710	8	5037	0.00158825
genome	2711	7	5037	0.00138972
genome	2712	7	5037	0.00138972
genome	2713	5	5037	0.000992654
genome	2714	11	5037	0.00218384
genome	2715	7	5037	0.00138972
genome	2716	10	5037	0.00198531
genome	2717	4	5037	0.000794124
genome	2718	3	5037	0.000595593
genome	2719	6	5037	0.00119119
genome	2720	6	5037	0.00119119
genome	2721	6	5037	0.00119119
genome	2722	6	5037	0.00119119
genome	2723	4	5037	0.000794124
genome	2724	3	5037	0.000595593
genome	2725	8	5037	0.00158825
genome	2726	9	5037	0.00178678
genome	2727	4	5037	0.000794124
genome	2728	5	5037	0.000992654
genome	2729	4	5037	0.000794124
genome	2730	3	5037	0.000595593
genome	2731	4	5037	0.000794124
genome	2732	1	5037	0.000198531
genome	2733	2	5037	0.000397062
genome	2734	3	5037	0.000595593
genome	2735	2	5037	0.000397062
genome	2736	3	5037	0.000595593
genome	2737	1	5037	0.000198531
genome	2738	2	5037	0.000397062
genome	2739	2	5037	0.000397062
genome	2740	3	5037	0.000595593
genome	2741	5	5037	0.000992654
genome	2742	6	5037	0.00119119
genome	2743	4	5037	0.000794124
genome	2744	7	5037	0.00138972
genome	2745	6	5037	0.00119119
genome	2746	8	5037	0.00158825
genome	2747	5	5037	0.000992654
genome	2748	4	5037	0.000794124
genome	2749	1	5037	0.000198531
genome	2750	4	5037	0.000794124
genome	2751	7	5037	0.00138972
genome	2752	7	5037	0.00138972
genome	2753	8	5037	0.00158825
genome	2754	6	5037	0.00119119
genome	2755	8	5037	0.00158825
genome	2756	8	5037	0.00158825
genome	2757	7	5037	0.00138972
genome	2758	8	5037	0.00158825
genome	2759	5	5037	0.000992654
genome	2760	6	5037	0.00119119
genome	2761	10	5037	0.00198531
genome	2762	12	5037	0.00238237
genome	2763	10	5037	0.00198531
genome	2764	9	5037	0.00178678
genome	2765	16	5037	0.00317649
genome	2766	4	5037	0.000794124
genome	2767	5	5037	0.000992654
genome	2768	12	5037	0.00238237
genome	2769	11	5037	0.00218384
genome	2770	7	5037	0.00138972
genome	2771	6	5037	0.00119119
genome	2772	3	5037	0.000595593
genome	2773	3	5037	0.000595593
genome	2774	4	5037	0.000794124
genome	2775	6	5037	0.00119119
genome	2776	7	5037	0.00138972
genome	2777	3	5037	0.000595593
genome	2778	7	5037	0.00138972
genome	2779	2	5037	0.000397062
genome	2780	2	5037	0.000397062
genome	2781	3	5037	0.000595593
genome	2782	6	5037	0.00119119
genome	2785	4	5037	0.000794124
genome	2786	2	5037	0.000397062
genome	2787	1	5037	0.000198531
genome	2788	1	5037	0.000198531
genome	2790	6	5037	0.00119119
genome	2791	1	5037	0.000198531
genome	2793	1	5037	0.000198531
genome	2794	2	5037	0.000397062
genome	2796	4	5037	0.000794124
genome	2797	1	5037	0.000198531
genome	2798	3	5037	0.000595593
genome	2800	1	5037	0.000198531
genome	2801	3	5037	0.000595593
genome	2802	1	5037	0.000198531
genome	2803	1	5037	0.000198531
genome	2804	3	5037	0.000595593
genome	2805	5	5037	0.000992654
genome	2806	3	5037	0.000595593
genome	2807	3	5037	0.000595593
genome	2809	2	5037	0.000397062
genome	2810	3	5037	0.000595593
genome	2811	3	5037	0.000595593
genome	2812	7	5037	0.00138972
genome	2813	3	5037	0.000595593
genome	2814	4	5037	0.000794124
genome	2815	3	5037	0.000595593
genome	2816	3	5037	0.000595593
genome	2817	3	5037	0.000595593
genome	2818	3	5037	0.000595593
genome	2819	5	5037	0.000992654
genome	2820	2	5037	0.000397062
genome	2821	5	5037	0.000992654
genome	2824	3	5037	0.000595593
genome	2825	2	5037	0.000397062
genome	2826	1	5037	0.000198531
genome	2828	3	5037	0.000595593
genome	2829	1	5037	0.000198531
genome	2830	2	5037	0.000397062
genome	2831	1	5037	0.000198531
genome	2832	2	5037	0.000397062
genome	2833	2	5037	0.000397062
genome	2834	3	5037	0.000595593
genome	2836	1	5037	0.000198531
genome	2841	1	5037	0.000198531
genome	2842	1	5037	0.000198531
genome	2844	1	5037	0.000198531
